0 0 0 0 0 0 0 0 0 0 0 0 0 0 0 0 0 0 0 0 1 1 1 1 1 1 1 1 1 1 1 1 1 1 1 1 1 1 1 1 1 0 0 0 0 0 0 0 0 0 0 0 0 0 0 0 0 0 0 0 0 0 0 0 0 0 0 0 0 0 0 0 0 0 0 0 0 0 0 0 0 0 0 0 0 0 0 0 0 0 0 0 0 0 0 0 0 0 0 0 0 
0 0 0 0 0 0 0 0 0 0 0 0 0 0 0 0 0 0 0 0 0.0384615 1 1 1 1 1 1 1 1 1 1 1 1 1 1 1 1 1 1 1 1 0.856091 0 0 0 0 0 0 0 0 0 0 0 0 0 0 0 0 0 0 0 0 0 0 0 0 0 0 0 0 0 0 0 0 0 0 0 0 0 0 0 0 0 0 0 0 0 0 0 0 0 0 0 0 0 0 0 0 0 0 0 
0 0 0 0 0 0 0 0 0 0 0 0 0 0 0 0 0 0 0 0 0.00161555 0.0826088 1 1 1 1 1 1 1 1 1 1 1 1 1 1 1 1 1 1 1 0.978554 0.723331 0 0 0 0 0 0 0 0 0 0 0 0 0 0 0 0 0 0 0 0 0 0 0 0 0 0 0 0 0 0 0 0 0 0 0 0 0 0 0 0 0 0 0 0 0 0 0 0 0 0 0 0 0 0 0 0 0 0 
0 0 0 0 0 0 0 0 0 0 0 0 0 0 0 0 0 0 0 0 7.35421e-005 0.00562965 0.131911 1 1 1 1 1 1 1 1 1 1 1 1 1 1 1 1 1 1 0.996696 0.937682 0.603069 0 0 0 0 0 0 0 0 0 0 0 0 0 0 0 0 0 0 0 0 0 0 0 0 0 0 0 0 0 0 0 0 0 0 0 0 0 0 0 0 0 0 0 0 0 0 0 0 0 0 0 0 0 0 0 0 0 
0 0 0 0 0 0 0 0 0 0 0 0 0 0 0 0 0 0 0 0 3.60448e-006 0.00036902 0.0128889 0.185663 1 1 1 1 1 1 1 1 1 1 1 1 1 1 1 1 1 0.999474 0.986949 0.880371 0.49606 0 0 0 0 0 0 0 0 0 0 0 0 0 0 0 0 0 0 0 0 0 0 0 0 0 0 0 0 0 0 0 0 0 0 0 0 0 0 0 0 0 0 0 0 0 0 0 0 0 0 0 0 0 0 0 0 
0 0 0 0 0 0 0 0 0 0 0 0 0 0 0 0 0 0 0 0 1.89156e-007 2.43503e-005 0.00113521 0.0242485 0.243008 1 1 1 1 1 1 1 1 1 1 1 1 1 1 1 1 0.999914 0.997344 0.968167 0.810273 0.402503 0 0 0 0 0 0 0 0 0 0 0 0 0 0 0 0 0 0 0 0 0 0 0 0 0 0 0 0 0 0 0 0 0 0 0 0 0 0 0 0 0 0 0 0 0 0 0 0 0 0 0 0 0 0 0 
0 0 0 0 0 0 0 0 0 0 0 0 0 0 0 0 0 0 0 0 1.05774e-008 1.647e-006 9.64258e-005 0.00274265 0.0405078 0.302973 1 1 1 1 1 1 1 1 1 1 1 1 1 1 1 0.999985 0.999464 0.992059 0.938594 0.73137 0.322114 0 0 0 0 0 0 0 0 0 0 0 0 0 0 0 0 0 0 0 0 0 0 0 0 0 0 0 0 0 0 0 0 0 0 0 0 0 0 0 0 0 0 0 0 0 0 0 0 0 0 0 0 0 0 
0 0 0 0 0 0 0 0 0 0 0 0 0 0 0 0 0 0 0 0 6.27601e-010 1.15107e-007 8.14296e-006 0.000290429 0.0056958 0.0623415 0.364504 1 1 1 1 1 1 1 1 1 1 1 1 1 1 0.999997 0.999892 0.998087 0.981786 0.897494 0.647654 0.254215 0 0 0 0 0 0 0 0 0 0 0 0 0 0 0 0 0 0 0 0 0 0 0 0 0 0 0 0 0 0 0 0 0 0 0 0 0 0 0 0 0 0 0 0 0 0 0 0 0 0 0 0 0 
0 0 0 0 0 0 0 0 0 0 0 0 0 0 0 0 0 0 0 0 3.93665e-011 8.34225e-009 6.94439e-007 2.98931e-005 0.000733877 0.0106311 0.0902335 0.426516 1 1 1 1 1 1 1 1 1 1 1 1 1 1 0.999978 0.999547 0.994877 0.964665 0.845194 0.562845 0.19783 0 0 0 0 0 0 0 0 0 0 0 0 0 0 0 0 0 0 0 0 0 0 0 0 0 0 0 0 0 0 0 0 0 0 0 0 0 0 0 0 0 0 0 0 0 0 0 0 0 0 0 0 
0 0 0 0 0 0 0 0 0 0 0 0 0 0 0 0 0 0 0 0 2.60181e-012 6.27829e-010 6.03238e-008 3.05242e-006 9.03279e-005 0.00163483 0.0182971 0.12442 0.487935 1 1 1 1 1 1 1 1 1 1 1 1 1 0.999995 0.999894 0.998606 0.988598 0.939092 0.783001 0.48017 0.151789 0 0 0 0 0 0 0 0 0 0 0 0 0 0 0 0 0 0 0 0 0 0 0 0 0 0 0 0 0 0 0 0 0 0 0 0 0 0 0 0 0 0 0 0 0 0 0 0 0 0 0 
0 0 0 0 0 0 0 0 0 0 0 0 0 0 0 0 0 0 0 0 1.80655e-013 4.90775e-011 5.36383e-009 3.12957e-007 1.08744e-005 0.000236904 0.00330545 0.0295147 0.16485 0.547746 1 1 1 1 1 1 1 1 1 1 1 1 0.999999 0.999975 0.999628 0.996479 0.97777 0.903984 0.713006 0.402228 0.114818 0 0 0 0 0 0 0 0 0 0 0 0 0 0 0 0 0 0 0 0 0 0 0 0 0 0 0 0 0 0 0 0 0 0 0 0 0 0 0 0 0 0 0 0 0 0 0 0 0 0 
0 0 0 0 0 0 0 0 0 0 0 0 0 0 0 0 0 0 0 0 1.31432e-014 3.98327e-012 4.89559e-010 3.2457e-008 1.29908e-006 3.31928e-005 0.000556614 0.00618089 0.045119 0.211164 0.605034 1 1 1 1 1 1 1 1 1 1 1 1 0.999994 0.999902 0.998944 0.992301 0.960835 0.858966 0.637822 0.330916 0.0856181 0 0 0 0 0 0 0 0 0 0 0 0 0 0 0 0 0 0 0 0 0 0 0 0 0 0 0 0 0 0 0 0 0 0 0 0 0 0 0 0 0 0 0 0 0 0 0 0 0 
0 0 0 0 0 0 0 0 0 0 0 0 0 0 0 0 0 0 0 0 9.99521e-016 3.35426e-013 4.59349e-011 3.42097e-009 1.55427e-007 4.56969e-006 8.97647e-005 0.001196 0.0108281 0.0658865 0.262702 0.659018 1 1 1 1 1 1 1 1 1 1 1 0.999999 0.999974 0.99969 0.99743 0.984936 0.936361 0.804468 0.560292 0.267436 0.0629336 0 0 0 0 0 0 0 0 0 0 0 0 0 0 0 0 0 0 0 0 0 0 0 0 0 0 0 0 0 0 0 0 0 0 0 0 0 0 0 0 0 0 0 0 0 0 0 0 
0 0 0 0 0 0 0 0 0 0 0 0 0 0 0 0 0 0 0 0 7.92821e-017 2.92787e-014 4.43414e-012 3.67542e-010 1.87387e-008 6.24758e-007 1.41063e-005 0.000219878 0.00238417 0.0179387 0.0924545 0.318533 0.709076 1 1 1 1 1 1 1 1 1 1 1 0.999993 0.99991 0.999165 0.99445 0.973048 0.903269 0.741701 0.48321 0.212354 0.0455973 0 0 0 0 0 0 0 0 0 0 0 0 0 0 0 0 0 0 0 0 0 0 0 0 0 0 0 0 0 0 0 0 0 0 0 0 0 0 0 0 0 0 0 0 0 0 0 
0 0 0 0 0 0 0 0 0 0 0 0 0 0 0 0 0 0 0 0 6.54623e-018 2.64647e-015 4.40465e-013 4.03281e-011 2.28596e-009 8.54397e-008 2.18544e-006 3.91118e-005 0.000495456 0.00445583 0.028303 0.125243 0.37751 0.754758 1 1 1 1 1 1 1 1 1 1 0.999998 0.999974 0.999733 0.998019 0.989117 0.955233 0.861028 0.672535 0.409079 0.165697 0.0325625 0 0 0 0 0 0 0 0 0 0 0 0 0 0 0 0 0 0 0 0 0 0 0 0 0 0 0 0 0 0 0 0 0 0 0 0 0 0 0 0 0 0 0 0 0 0 
0 0 0 0 0 0 0 0 0 0 0 0 0 0 0 0 0 0 0 0 5.61632e-019 2.47447e-016 4.50208e-014 4.52439e-012 2.8297e-010 1.17468e-008 3.36507e-007 6.81553e-006 9.90143e-005 0.00103877 0.00786954 0.0427612 0.164389 0.438335 0.795791 1 1 1 1 1 1 1 1 1 1 0.999993 0.999916 0.999309 0.995762 0.980319 0.930195 0.809778 0.599299 0.339945 0.127074 0.0229195 0 0 0 0 0 0 0 0 0 0 0 0 0 0 0 0 0 0 0 0 0 0 0 0 0 0 0 0 0 0 0 0 0 0 0 0 0 0 0 0 0 0 0 0 0 
0 0 0 0 0 0 0 0 0 0 0 0 0 0 0 0 0 0 0 0 4.9984e-020 2.39079e-017 4.73355e-015 5.19351e-013 3.5612e-011 1.62947e-009 5.17947e-008 1.17373e-006 1.92778e-005 0.000231663 0.00204407 0.0132157 0.0621363 0.209699 0.499646 0.832071 1 1 1 1 1 1 1 1 1 0.999998 0.999974 0.999763 0.998395 0.991686 0.966782 0.89694 0.750375 0.524534 0.277298 0.0957966 0.0158998 0 0 0 0 0 0 0 0 0 0 0 0 0 0 0 0 0 0 0 0 0 0 0 0 0 0 0 0 0 0 0 0 0 0 0 0 0 0 0 0 0 0 0 0 
0 0 0 0 0 0 0 0 0 0 0 0 0 0 0 0 0 0 0 0 4.60747e-021 2.38445e-018 5.11738e-016 6.10179e-014 4.56253e-012 2.28638e-010 8.00261e-009 2.01035e-007 3.69081e-006 5.00908e-005 0.00050562 0.00380089 0.0212084 0.0871518 0.260638 0.560099 0.863648 1 1 1 1 1 1 1 1 0.999999 0.999992 0.99992 0.999405 0.996595 0.984854 0.9472 0.854961 0.68433 0.45075 0.222048 0.0710003 0.0108711 0 0 0 0 0 0 0 0 0 0 0 0 0 0 0 0 0 0 0 0 0 0 0 0 0 0 0 0 0 0 0 0 0 0 0 0 0 0 0 0 0 0 0 
0 0 0 0 0 0 0 0 0 0 0 0 0 0 0 0 0 0 0 0 4.39264e-022 2.45235e-019 5.68552e-017 7.33823e-015 5.95587e-013 3.25107e-011 1.245e-009 3.44069e-008 6.99606e-007 1.06032e-005 0.000120745 0.001037 0.00671536 0.0326568 0.118345 0.31634 0.618446 0.890704 1 1 1 1 1 1 1 1 0.999997 0.999973 0.999783 0.998639 0.993325 0.97414 0.920399 0.804359 0.613666 0.380202 0.17456 0.0517426 0.00732576 0 0 0 0 0 0 0 0 0 0 0 0 0 0 0 0 0 0 0 0 0 0 0 0 0 0 0 0 0 0 0 0 0 0 0 0 0 0 0 0 0 0 
0 0 0 0 0 0 0 0 0 0 0 0 0 0 0 0 0 0 0 0 4.32563e-023 2.59836e-020 6.48794e-018 9.03305e-016 7.92597e-014 4.69084e-012 1.95474e-010 5.90494e-009 1.31968e-007 2.21317e-006 2.81175e-005 0.000272126 0.00201045 0.011324 0.0484136 0.155988 0.37566 0.673603 0.913528 1 1 1 1 1 1 1 0.999999 0.999991 0.999922 0.999466 0.997137 0.987787 0.958305 0.885514 0.745898 0.540712 0.314732 0.13474 0.037083 0.0048655 0 0 0 0 0 0 0 0 0 0 0 0 0 0 0 0 0 0 0 0 0 0 0 0 0 0 0 0 0 0 0 0 0 0 0 0 0 0 0 0 0 
0 0 0 0 0 0 0 0 0 0 0 0 0 0 0 0 0 0 0 0 4.39438e-024 2.83352e-021 7.59969e-019 1.1379e-016 1.07563e-014 6.87425e-013 3.10262e-011 1.01891e-009 2.48685e-008 4.57994e-007 6.43274e-006 6.93891e-005 0.000577022 0.00370233 0.018294 0.0693033 0.200021 0.437247 0.724697 0.932482 1 1 1 1 1 1 1 0.999997 0.999972 0.999794 0.998799 0.9944 0.978981 0.936129 0.842153 0.680966 0.467877 0.255671 0.10213 0.0261395 0.00318496 0 0 0 0 0 0 0 0 0 0 0 0 0 0 0 0 0 0 0 0 0 0 0 0 0 0 0 0 0 0 0 0 0 0 0 0 0 0 0 0 
0 0 0 0 0 0 0 0 0 0 0 0 0 0 0 0 0 0 0 0 4.60018e-025 3.1774e-022 9.13207e-020 1.4665e-017 1.48883e-015 1.02384e-013 4.98466e-012 1.77128e-010 4.69557e-009 9.43594e-008 1.45417e-006 1.73258e-005 0.000160421 0.00115716 0.00650283 0.028405 0.0960358 0.250025 0.499638 0.771096 0.94798 1 1 1 1 1 1 0.999999 0.99999 0.999921 0.999504 0.997493 0.989732 0.965755 0.906571 0.790513 0.611456 0.397426 0.203813 0.0760298 0.0181247 0.00205491 0 0 0 0 0 0 0 0 0 0 0 0 0 0 0 0 0 0 0 0 0 0 0 0 0 0 0 0 0 0 0 0 0 0 0 0 0 0 0 
0 0 0 0 0 0 0 0 0 0 0 0 0 0 0 0 0 0 0 0 4.95696e-026 3.66067e-023 1.12501e-020 1.93297e-018 2.10183e-016 1.55045e-014 8.11367e-013 3.10698e-011 8.90407e-010 1.94179e-008 3.26254e-007 4.2615e-006 4.35433e-005 0.000349357 0.0022043 0.0109316 0.0425072 0.129115 0.305214 0.561359 0.812419 0.960457 1 1 1 1 1 1 0.999996 0.99997 0.999798 0.9989 0.995113 0.982238 0.946909 0.868939 0.731415 0.539582 0.331301 0.159444 0.0555966 0.0123639 0.00130678 0 0 0 0 0 0 0 0 0 0 0 0 0 0 0 0 0 0 0 0 0 0 0 0 0 0 0 0 0 0 0 0 0 0 0 0 0 0 
0 0 0 0 0 0 0 0 0 0 0 0 0 0 0 0 0 0 0 0 5.49266e-027 4.32944e-024 1.42001e-021 2.60477e-019 3.02613e-017 2.38793e-015 1.33897e-013 5.50566e-012 1.69875e-010 4.00147e-009 7.2901e-008 1.03732e-006 1.161e-005 0.000102701 0.000719986 0.00400348 0.0176411 0.0614578 0.168756 0.364483 0.621022 0.848522 0.970346 1 1 1 1 1 0.999999 0.999989 0.999919 0.999524 0.997724 0.991039 0.970852 0.921328 0.823025 0.666272 0.467668 0.270991 0.122417 0.0399408 0.00829851 0.000819124 0 0 0 0 0 0 0 0 0 0 0 0 0 0 0 0 0 0 0 0 0 0 0 0 0 0 0 0 0 0 0 0 0 0 0 0 0 
0 0 0 0 0 0 0 0 0 0 0 0 0 0 0 0 0 0 0 0 6.25272e-028 5.25224e-025 1.8353e-022 3.58711e-020 4.44276e-018 3.74094e-016 2.24133e-014 9.86488e-013 3.26532e-011 8.2739e-010 1.62684e-008 2.50808e-007 3.05555e-006 2.95822e-005 0.000228437 0.00140974 0.00695499 0.0274018 0.0860373 0.214824 0.426471 0.677413 0.879476 0.978064 1 1 1 1 1 0.999996 0.999968 0.999797 0.998958 0.995582 0.984456 0.954416 0.888139 0.769209 0.596964 0.397927 0.217478 0.0922536 0.0281942 0.00548104 0.000506115 0 0 0 0 0 0 0 0 0 0 0 0 0 0 0 0 0 0 0 0 0 0 0 0 0 0 0 0 0 0 0 0 0 0 0 0 
0 0 0 0 0 0 0 0 0 0 0 0 0 0 0 0 0 0 0 0 7.30617e-029 6.53089e-026 2.42742e-023 5.04624e-021 6.64971e-019 5.96152e-017 3.80693e-015 1.78848e-013 6.33072e-012 1.71938e-010 3.63369e-009 6.04123e-008 7.96816e-007 8.39044e-006 7.08519e-005 0.000481163 0.00263146 0.0115897 0.041064 0.116856 0.2668 0.489663 0.729552 0.905524 0.983995 1 1 1 1 0.999998 0.999987 0.999914 0.99953 0.997864 0.991912 0.974373 0.931793 0.84687 0.70847 0.525664 0.332284 0.171235 0.0682472 0.019559 0.00356284 0.000308262 0 0 0 0 0 0 0 0 0 0 0 0 0 0 0 0 0 0 0 0 0 0 0 0 0 0 0 0 0 0 0 0 0 0 0 
0 0 0 0 0 0 0 0 0 0 0 0 0 0 0 0 0 0 0 0 8.75553e-030 8.3177e-027 3.28363e-024 7.24865e-022 1.01445e-019 9.66361e-018 6.56254e-016 3.28256e-014 1.23905e-012 3.59548e-011 8.13788e-010 1.4531e-008 2.0653e-007 2.35272e-006 2.15915e-005 0.000160207 0.000963204 0.00469675 0.0185719 0.0594968 0.154265 0.323792 0.552501 0.776734 0.927046 0.988482 1 1 1 0.999999 0.999995 0.999964 0.999791 0.998984 0.995878 0.98596 0.959682 0.902014 0.797565 0.642329 0.454631 0.272245 0.132281 0.049569 0.0133368 0.00227957 0.00018509 0 0 0 0 0 0 0 0 0 0 0 0 0 0 0 0 0 0 0 0 0 0 0 0 0 0 0 0 0 0 0 0 0 0 
0 0 0 0 0 0 0 0 0 0 0 0 0 0 0 0 0 0 0 0 1.07524e-030 1.08428e-027 4.54032e-025 1.06274e-022 1.57698e-020 1.59327e-018 1.1483e-016 6.10156e-015 2.44975e-013 7.57374e-012 1.83003e-010 3.49691e-009 5.33406e-008 6.54311e-007 6.49135e-006 5.23046e-005 0.000343283 0.00183828 0.00803701 0.0286828 0.083506 0.198274 0.384586 0.61349 0.81854 0.944508 0.991826 1 1 1 0.999998 0.999985 0.999908 0.999523 0.997936 0.992476 0.976799 0.939253 0.86443 0.740849 0.572724 0.386003 0.218824 0.100268 0.0353531 0.00894011 0.00143578 0.000109563 0 0 0 0 0 0 0 0 0 0 0 0 0 0 0 0 0 0 0 0 0 0 0 0 0 0 0 0 0 0 0 0 0 
0 0 0 0 0 0 0 0 0 0 0 0 0 0 0 0 0 0 0 0 1.35219e-031 1.44577e-028 6.41364e-026 1.5896e-023 2.49721e-021 2.67148e-019 2.03959e-017 1.14891e-015 4.89534e-014 1.60837e-012 4.13706e-011 8.43286e-010 1.37554e-008 1.80957e-007 1.93179e-006 1.68145e-005 0.000119745 0.000699356 0.00335415 0.0132166 0.0427818 0.113739 0.248511 0.447722 0.671304 0.854824 0.958424 0.994279 1 1 0.999999 0.999994 0.99996 0.999779 0.998982 0.996044 0.986954 0.963364 0.912065 0.818846 0.677918 0.501823 0.321625 0.172539 0.0745822 0.0247634 0.00589241 0.00089033 6.3941e-005 0 0 0 0 0 0 0 0 0 0 0 0 0 0 0 0 0 0 0 0 0 0 0 0 0 0 0 0 0 0 0 0 
0 0 0 0 0 0 0 0 0 0 0 0 0 0 0 0 0 0 0 0 1.74008e-032 1.97065e-029 9.25078e-027 2.42469e-024 4.02709e-022 4.55466e-020 3.67741e-018 2.19194e-016 9.89108e-015 3.44561e-013 9.41069e-012 2.04045e-010 3.54782e-009 4.98752e-008 5.70619e-007 5.34075e-006 4.10562e-005 0.000259974 0.00135859 0.0058657 0.0209319 0.0617426 0.15059 0.304211 0.511606 0.724858 0.885682 0.969318 0.996051 1 1 0.999997 0.999982 0.999898 0.999504 0.997953 0.99281 0.978429 0.944544 0.877357 0.765611 0.610452 0.431825 0.262924 0.133456 0.054446 0.0170385 0.0038192 0.000543621 3.67927e-005 0 0 0 0 0 0 0 0 0 0 0 0 0 0 0 0 0 0 0 0 0 0 0 0 0 0 0 0 0 0 0 
0 0 0 0 0 0 0 0 0 0 0 0 0 0 0 0 0 0 0 0 2.28988e-033 2.74419e-030 1.36171e-027 3.77009e-025 6.61147e-023 7.89439e-021 6.73017e-019 4.23757e-017 2.02132e-015 7.45029e-014 2.15566e-012 4.95899e-011 9.16501e-010 1.37244e-008 1.67681e-007 1.68084e-006 1.38847e-005 9.48352e-005 0.000536881 0.00252323 0.0098538 0.0319902 0.0863694 0.194119 0.364247 0.574633 0.773359 0.911406 0.977699 0.997312 1 0.999999 0.999992 0.999954 0.999761 0.998955 0.996105 0.987563 0.965881 0.919298 0.834766 0.705645 0.540469 0.364765 0.210845 0.101266 0.0390138 0.0115178 0.00243473 0.00032687 2.08755e-005 0 0 0 0 0 0 0 0 0 0 0 0 0 0 0 0 0 0 0 0 0 0 0 0 0 0 0 0 0 0 
0 0 0 0 0 0 0 0 0 0 0 0 0 0 0 0 0 0 0 0 3.0796e-034 3.90179e-031 2.0446e-028 5.97304e-026 1.10468e-023 1.39075e-021 1.25015e-019 8.3019e-018 4.17879e-016 1.62661e-014 4.97549e-013 1.2116e-011 2.37405e-010 3.77617e-009 4.91124e-008 5.25388e-007 4.64507e-006 3.40692e-005 0.000207888 0.00105751 0.00449087 0.0159342 0.0472649 0.1173 0.243996 0.427204 0.635297 0.816324 0.932431 0.984035 0.998196 1 0.999997 0.999979 0.999886 0.999473 0.997921 0.992959 0.979459 0.948219 0.886795 0.784433 0.640387 0.470135 0.302354 0.165851 0.0753878 0.0274451 0.00765072 0.00152686 0.00019357 1.16797e-005 0 0 0 0 0 0 0 0 0 0 0 0 0 0 0 0 0 0 0 0 0 0 0 0 0 0 0 0 0 
0 0 0 0 0 0 0 0 0 0 0 0 0 0 0 0 0 0 0 0 4.23011e-035 5.6614e-032 3.12998e-029 9.63854e-027 1.87789e-024 2.48973e-022 2.35666e-020 1.64821e-018 8.74095e-017 3.58704e-015 1.15773e-013 2.97803e-012 6.17233e-011 1.04017e-009 1.43602e-008 1.63427e-007 1.54101e-006 1.20892e-005 7.91592e-005 0.000433696 0.00199169 0.00767615 0.0248499 0.0676261 0.154908 0.29949 0.491486 0.692297 0.853569 0.949287 0.988743 0.998806 0.999999 0.999991 0.999946 0.999737 0.998905 0.996077 0.987868 0.96751 0.924397 0.846556 0.727054 0.571686 0.401568 0.245874 0.127963 0.0550682 0.0189573 0.00499467 0.000942071 0.000112912 6.44438e-006 0 0 0 0 0 0 0 0 0 0 0 0 0 0 0 0 0 0 0 0 0 0 0 0 0 0 0 0 
0 0 0 0 0 0 0 0 0 0 0 0 0 0 0 0 0 0 0 0 5.93111e-036 8.37852e-033 4.88297e-030 1.58353e-027 3.24683e-025 4.52821e-023 4.5079e-021 3.316e-019 1.85012e-017 7.99161e-016 2.71688e-014 7.36824e-013 1.61199e-011 2.87147e-010 4.19729e-009 5.0673e-008 5.08003e-007 4.24776e-006 2.97308e-005 0.000174673 0.000863273 0.00359465 0.0126257 0.0374415 0.0938515 0.199225 0.359492 0.555437 0.744607 0.885175 0.962544 0.992182 0.99922 0.999996 0.999975 0.99987 0.999429 0.997844 0.992953 0.980013 0.950648 0.893544 0.798568 0.663863 0.501627 0.336661 0.196126 0.0968454 0.0394749 0.0128598 0.00320524 0.000571973 6.48827e-005 3.5068e-006 0 0 0 0 0 0 0 0 0 0 0 0 0 0 0 0 0 0 0 0 0 0 0 0 0 0 0 
0 0 0 0 0 0 0 0 0 0 0 0 0 0 0 0 0 0 0 0 8.48418e-037 1.26409e-033 7.75964e-031 2.64775e-028 5.70776e-026 8.36501e-024 8.74835e-022 6.76014e-020 3.9628e-018 1.7991e-016 6.43226e-015 1.83599e-013 4.23172e-012 7.95128e-011 1.22774e-009 1.56839e-008 1.66697e-007 1.48104e-006 1.10421e-005 6.93003e-005 0.000367016 0.00164333 0.00622991 0.0200197 0.0545933 0.126528 0.249884 0.422591 0.617466 0.791518 0.911441 0.972775 0.994651 0.999497 0.999988 0.999936 0.999706 0.998829 0.995967 0.987918 0.968432 0.92783 0.855102 0.743356 0.596543 0.432344 0.276938 0.153445 0.0719006 0.0277734 0.00856866 0.00202229 0.000341775 3.67331e-005 1.88215e-006 0 0 0 0 0 0 0 0 0 0 0 0 0 0 0 0 0 0 0 0 0 0 0 0 0 0 
0 0 0 0 0 0 0 0 0 0 0 0 0 0 0 0 0 0 0 0 1.23751e-037 1.94333e-034 1.25553e-031 4.50399e-029 1.01989e-026 1.56915e-024 1.72219e-022 1.39638e-020 8.58951e-019 4.09314e-017 1.53673e-015 4.60919e-014 1.11727e-012 2.21017e-011 3.59741e-010 4.85148e-009 5.45291e-008 5.13334e-007 4.06422e-006 2.71541e-005 0.00015352 0.000736069 0.00299805 0.0103878 0.0306549 0.0771552 0.165955 0.306107 0.487174 0.676159 0.832648 0.932827 0.980526 0.996395 0.999676 0.999969 0.999849 0.999371 0.997721 0.992809 0.980171 0.952078 0.898163 0.808951 0.681982 0.52708 0.365832 0.223478 0.117748 0.052371 0.0191822 0.00560917 0.00125468 0.000201023 2.04917e-005 9.96427e-007 0 0 0 0 0 0 0 0 0 0 0 0 0 0 0 0 0 0 0 0 0 0 0 0 0 
0 0 0 0 0 0 0 0 0 0 0 0 0 0 0 0 0 0 0 0 1.83965e-038 3.04284e-035 2.06759e-032 7.79165e-030 1.85178e-027 2.98825e-025 3.43842e-023 2.92221e-021 1.88406e-019 9.41185e-018 3.70562e-016 1.16618e-014 2.96817e-013 6.17078e-012 1.05674e-010 1.50134e-009 1.7804e-008 1.77142e-007 1.4852e-006 1.05314e-005 6.33476e-005 0.000324024 0.00141216 0.0052522 0.0166934 0.0454025 0.105848 0.212069 0.366742 0.551556 0.730368 0.86792 0.949889 0.986291 0.997605 0.999786 0.999923 0.999665 0.998727 0.995778 0.987744 0.968767 0.929917 0.861042 0.755484 0.615983 0.457585 0.303786 0.176885 0.0886249 0.0374292 0.0130078 0.00360804 0.000765607 0.000116401 1.12652e-005 5.20376e-007 0 0 0 0 0 0 0 0 0 0 0 0 0 0 0 0 0 0 0 0 0 0 0 0 
0 0 0 0 0 0 0 0 0 0 0 0 0 0 0 0 0 0 0 0 2.78589e-039 4.85042e-036 3.46399e-033 1.37031e-030 3.41538e-028 5.77581e-026 6.96116e-024 6.19486e-022 4.18184e-020 2.18742e-018 9.02019e-017 2.97443e-015 7.93735e-014 1.73146e-012 3.11416e-011 4.65211e-010 5.80847e-009 6.09406e-008 5.39715e-007 4.05053e-006 2.58435e-005 0.000140555 0.000653059 0.00259691 0.00885166 0.0258982 0.0651428 0.141164 0.264397 0.430334 0.614105 0.779263 0.897516 0.963235 0.990501 0.998429 0.999838 0.999823 0.999296 0.997551 0.992533 0.979981 0.952679 0.901048 0.816272 0.69563 0.547247 0.390101 0.247496 0.137316 0.0654317 0.0262517 0.00866218 0.00228094 0.000459556 6.63649e-005 6.10368e-006 2.68105e-007 0 0 0 0 0 0 0 0 0 0 0 0 0 0 0 0 0 0 0 0 0 0 0 
0 0 0 0 0 0 0 0 0 0 0 0 0 0 0 0 0 0 0 0 4.29575e-040 7.86805e-037 5.90197e-034 2.44916e-031 6.39696e-029 1.13278e-026 1.42878e-024 1.33017e-022 9.39201e-021 5.13852e-019 2.21672e-017 7.64949e-016 2.13726e-014 4.88465e-013 9.21221e-012 1.44447e-010 1.89524e-009 2.0924e-008 1.95302e-007 1.54745e-006 1.0444e-005 6.02156e-005 0.000297301 0.0012595 0.00458625 0.0143758 0.0388492 0.0906775 0.183274 0.322055 0.495237 0.673365 0.822353 0.921826 0.97347 0.99352 0.998973 0.999832 0.999614 0.998595 0.995509 0.98736 0.968591 0.930881 0.864838 0.764152 0.630805 0.477839 0.326436 0.197787 0.104549 0.0473911 0.0180719 0.00566567 0.00141745 0.000271397 3.72611e-005 3.25977e-006 1.36283e-007 0 0 0 0 0 0 0 0 0 0 0 0 0 0 0 0 0 0 0 0 0 0 
0 0 0 0 0 0 0 0 0 0 0 0 0 0 0 0 0 0 0 0 6.7417e-041 1.29827e-037 1.02227e-034 4.44712e-032 1.21637e-029 2.25375e-027 2.97251e-025 2.89253e-023 2.13421e-021 1.22009e-019 5.50019e-018 1.98392e-016 5.79625e-015 1.38601e-013 2.73686e-012 4.49709e-011 6.18975e-010 7.17726e-009 7.04574e-008 5.88051e-007 4.18793e-006 2.55281e-005 0.000133538 0.000600778 0.00232893 0.00779196 0.0225351 0.0564328 0.12263 0.231961 0.383794 0.559741 0.728146 0.859475 0.94138 0.981169 0.995643 0.999312 0.999745 0.999201 0.997329 0.992125 0.979473 0.952558 0.902477 0.821044 0.705509 0.562804 0.409817 0.268035 0.155029 0.0780741 0.0336774 0.0122131 0.00364049 0.000866041 0.000157719 2.06049e-005 1.71622e-006 6.8354e-008 0 0 0 0 0 0 0 0 0 0 0 0 0 0 0 0 0 0 0 0 0 
0 0 0 0 0 0 0 0 0 0 0 0 0 0 0 0 0 0 0 0 1.07641e-041 2.17824e-038 1.79938e-035 8.2009e-033 2.34741e-030 4.54766e-028 6.26717e-026 6.36916e-024 4.9064e-022 2.92806e-020 1.37796e-018 5.18955e-017 1.58358e-015 3.95686e-014 8.16946e-013 1.40462e-011 2.02482e-010 2.46161e-009 2.53668e-008 2.22555e-007 1.66871e-006 1.07278e-005 5.92981e-005 0.000282486 0.00116215 0.00413627 0.0127568 0.0341489 0.0794961 0.161347 0.28659 0.448085 0.622209 0.777581 0.89075 0.956787 0.986851 0.997102 0.999487 0.999523 0.998428 0.995153 0.986771 0.96795 0.930872 0.866821 0.769903 0.641664 0.493641 0.345061 0.215901 0.119176 0.0571893 0.0234843 0.00810407 0.00229846 0.000520336 9.02076e-005 1.1224e-005 8.90844e-007 3.38304e-008 0 0 0 0 0 0 0 0 0 0 0 0 0 0 0 0 0 0 0 0 
0 0 0 0 0 0 0 0 0 0 0 0 0 0 0 0 0 0 0 0 1.74777e-042 3.71472e-039 3.21751e-036 1.53542e-033 4.59647e-031 9.30438e-029 1.33882e-026 1.41988e-024 1.14102e-022 7.1021e-021 3.48579e-019 1.36928e-017 4.35925e-016 1.13683e-014 2.45099e-013 4.40349e-012 6.63838e-011 8.44779e-010 9.12246e-009 8.3974e-008 6.61542e-007 4.47541e-006 2.60767e-005 0.000131195 0.00057118 0.002156 0.00706792 0.0201568 0.0500975 0.108751 0.206817 0.346123 0.513235 0.681191 0.821153 0.916528 0.968681 0.99096 0.998071 0.999502 0.999067 0.997048 0.991581 0.978657 0.951786 0.902642 0.823645 0.71217 0.574335 0.425372 0.285125 0.170578 0.0898526 0.0410951 0.0160726 0.00528105 0.00142616 0.000307486 5.07877e-005 6.02343e-006 4.55954e-007 1.65238e-008 0 0 0 0 0 0 0 0 0 0 0 0 0 0 0 0 0 0 0 
0 0 0 0 0 0 0 0 0 0 0 0 0 0 0 0 0 0 0 0 2.88489e-043 6.43677e-040 5.8427e-037 2.91775e-034 9.12959e-032 1.92975e-029 2.89728e-027 3.2042e-025 2.68401e-023 1.74096e-021 8.90365e-020 3.64455e-018 1.20926e-016 3.28776e-015 7.39317e-014 1.38618e-012 2.18235e-011 2.90274e-010 3.27946e-009 3.16186e-008 2.6122e-007 1.85585e-006 1.13735e-005 6.02878e-005 0.000277049 0.00110601 0.0038426 0.0116385 0.0307846 0.0712512 0.144671 0.258618 0.409183 0.577527 0.735519 0.858681 0.937324 0.977681 0.993869 0.998663 0.99932 0.998211 0.994702 0.985972 0.966866 0.929987 0.867228 0.773149 0.649095 0.505485 0.359914 0.231147 0.132179 0.0664447 0.0289728 0.0107979 0.00338034 0.000869834 0.000178749 2.81515e-005 3.18511e-006 2.30134e-007 7.96534e-009 0 0 0 0 0 0 0 0 0 0 0 0 0 0 0 0 0 0 
0 0 0 0 0 0 0 0 0 0 0 0 0 0 0 0 0 0 0 0 4.83894e-044 1.13288e-040 1.07711e-037 5.62586e-035 1.83888e-032 4.05626e-030 6.35018e-028 7.31839e-026 6.38528e-024 4.31273e-022 2.29632e-020 9.78588e-019 3.38078e-017 9.57283e-016 2.24272e-014 4.38309e-013 7.19727e-012 9.99207e-011 1.17931e-009 1.189e-008 1.02836e-007 7.6583e-007 4.92654e-006 2.74536e-005 0.000132854 0.000559505 0.00205458 0.00659023 0.0184965 0.0455092 0.0983786 0.187405 0.31591 0.474151 0.639346 0.784362 0.89028 0.953748 0.984352 0.995869 0.99894 0.998846 0.996695 0.990888 0.977534 0.950404 0.901677 0.824353 0.716043 0.582333 0.437155 0.298897 0.183813 0.100452 0.0481966 0.0200439 0.0071223 0.00212575 0.00052159 0.000102239 1.53653e-005 1.65977e-006 1.14559e-007 3.78993e-009 0 0 0 0 0 0 0 0 0 0 0 0 0 0 0 0 0 
0 0 0 0 0 0 0 0 0 0 0 0 0 0 0 0 0 0 0 0 8.24503e-045 2.02453e-041 2.01525e-038 1.10034e-035 3.75507e-033 8.63896e-031 1.40937e-028 1.69149e-026 1.53614e-024 1.07956e-022 5.97973e-021 2.65076e-019 9.5265e-018 2.8066e-016 6.84332e-015 1.39254e-013 2.38209e-012 3.44743e-011 4.24475e-010 4.46862e-009 4.03969e-008 3.14801e-007 2.12176e-006 1.24054e-005 6.30812e-005 0.000279611 0.00108256 0.00366772 0.010893 0.0284116 0.0652109 0.132046 0.236704 0.377471 0.539298 0.697299 0.827242 0.916302 0.966451 0.98919 0.997175 0.9989 0.997911 0.994142 0.984953 0.965348 0.92829 0.866227 0.774203 0.653527 0.513805 0.371281 0.24356 0.143368 0.0748737 0.0342963 0.0136094 0.0046133 0.00131359 0.000307559 5.7547e-005 8.25933e-006 8.52456e-007 5.62486e-008 1.78002e-009 0 0 0 0 0 0 0 0 0 0 0 0 0 0 0 0 
0 0 0 0 0 0 0 0 0 0 0 0 0 0 0 0 0 0 0 0 1.42662e-045 3.67241e-042 3.82547e-039 2.18245e-036 7.772e-034 1.86384e-031 3.16682e-029 3.95559e-027 3.73663e-025 2.73045e-023 1.57216e-021 7.24369e-020 2.70581e-018 8.28651e-017 2.10082e-015 4.44641e-014 7.91487e-013 1.19264e-011 1.53001e-010 1.67954e-009 1.58465e-008 1.29013e-007 9.09508e-007 5.56902e-006 2.96979e-005 0.000138256 0.000563089 0.00201021 0.00630175 0.0173785 0.04224 0.0906943 0.17252 0.291899 0.441783 0.602919 0.750296 0.864021 0.937266 0.976071 0.992607 0.997921 0.998467 0.996243 0.990032 0.976093 0.948428 0.899669 0.823372 0.717463 0.587211 0.445532 0.309542 0.194696 0.109671 0.0547393 0.0239449 0.00907059 0.00293494 0.000797789 0.000178369 3.18814e-005 4.37304e-006 4.31575e-007 2.72446e-008 8.25325e-010 0 0 0 0 0 0 0 0 0 0 0 0 0 0 0 
0 0 0 0 0 0 0 0 0 0 0 0 0 0 0 0 0 0 0 0 2.50586e-046 6.75976e-043 7.36547e-040 4.38853e-037 1.63002e-034 4.07261e-032 7.20269e-030 9.3577e-028 9.1891e-026 6.97709e-024 4.17306e-022 1.99693e-020 7.74687e-019 2.46408e-017 6.4894e-016 1.4272e-014 2.64088e-013 4.13868e-012 5.5253e-011 6.3164e-010 6.21136e-009 5.27553e-008 3.88386e-007 2.48633e-006 1.38795e-005 6.77315e-005 0.000289585 0.00108693 0.00358817 0.0104369 0.0267981 0.0608645 0.122589 0.219692 0.351918 0.50715 0.663465 0.797597 0.894854 0.953795 0.983196 0.994923 0.998162 0.997476 0.993448 0.983694 0.963387 0.925812 0.863936 0.773298 0.655305 0.518981 0.379454 0.253246 0.152658 0.0822808 0.0392566 0.0164052 0.00593547 0.0018343 0.000476307 0.000101761 1.73875e-005 2.28099e-006 2.15406e-007 1.30191e-008 3.77805e-010 0 0 0 0 0 0 0 0 0 0 0 0 0 0 
0 0 0 0 0 0 0 0 0 0 0 0 0 0 0 0 0 0 0 0 4.46683e-047 1.26221e-043 1.43799e-040 8.94413e-038 3.4633e-035 9.01067e-033 1.65789e-030 2.23909e-028 2.28428e-026 1.80104e-024 1.11822e-022 5.55357e-021 2.23578e-019 7.3801e-018 2.0173e-016 4.60586e-015 8.85075e-014 1.44108e-012 1.9999e-011 2.37807e-010 2.43424e-009 2.15391e-008 1.65355e-007 1.10499e-006 6.44631e-006 3.2916e-005 0.000147452 0.000580699 0.00201438 0.00616612 0.0166861 0.0399962 0.0851117 0.161252 0.273036 0.41535 0.571828 0.719645 0.83882 0.920129 0.966546 0.988339 0.996359 0.997855 0.995653 0.988987 0.974313 0.945859 0.896672 0.820848 0.716689 0.58931 0.450836 0.317278 0.203268 0.117397 0.0605472 0.0276199 0.0110313 0.003814 0.00112644 0.000279602 5.71208e-005 9.33671e-006 1.17227e-006 1.06007e-007 6.13845e-009 1.70761e-010 0 0 0 0 0 0 0 0 0 0 0 0 0 
0 0 0 0 0 0 0 0 0 0 0 0 0 0 0 0 0 0 0 0 8.07801e-048 2.39017e-044 2.84596e-041 1.8471e-038 7.4529e-036 2.01823e-033 3.86121e-031 5.4181e-029 5.73923e-027 4.69608e-025 3.02475e-023 1.55802e-021 6.50448e-020 2.22647e-018 6.31149e-017 1.49471e-015 2.98011e-014 5.03629e-013 7.2578e-012 8.96686e-011 9.54301e-010 8.78583e-009 7.02386e-008 4.89248e-007 2.97818e-006 1.58857e-005 7.44287e-005 0.000306971 0.00111671 0.00358983 0.0102163 0.0257875 0.0578542 0.115655 0.206679 0.331608 0.480551 0.634167 0.7705 0.873917 0.940391 0.976164 0.991917 0.997033 0.996852 0.992586 0.98217 0.960966 0.922567 0.860432 0.770613 0.654706 0.521337 0.384713 0.260357 0.160041 0.088546 0.0437033 0.0190674 0.00728164 0.00240712 0.000679837 0.000161411 3.1553e-005 4.93721e-006 5.93696e-007 5.14446e-008 2.85603e-009 7.62127e-011 0 0 0 0 0 0 0 0 0 0 0 0 
0 0 0 0 0 0 0 0 0 0 0 0 0 0 0 0 0 0 0 0 1.48164e-048 4.58881e-045 5.70831e-042 3.86428e-039 1.62404e-036 4.5753e-034 9.09742e-032 1.32564e-029 1.45722e-027 1.2367e-025 8.25854e-024 4.40907e-022 1.90753e-020 6.76604e-019 1.98757e-017 4.87843e-016 1.0083e-014 1.767e-013 2.64168e-012 3.38752e-011 3.74413e-010 3.58235e-009 2.97863e-008 2.15972e-007 1.36981e-006 7.62092e-006 3.72839e-005 0.000160761 0.000612171 0.00206267 0.00616092 0.0163426 0.0385758 0.0812111 0.152913 0.258459 0.3941 0.545776 0.692731 0.815432 0.90312 0.956278 0.983234 0.994237 0.99695 0.994878 0.987719 0.972168 0.942684 0.892713 0.816887 0.713925 0.588913 0.453366 0.322329 0.209621 0.123591 0.0655038 0.0309461 0.0129179 0.00471919 0.00149243 0.000403315 9.16531e-005 1.71553e-005 2.57141e-006 2.96343e-007 2.46223e-008 1.31141e-009 3.35907e-011 0 0 0 0 0 0 0 0 0 0 0 
0 0 0 0 0 0 0 0 0 0 0 0 0 0 0 0 0 0 0 0 2.75547e-049 8.92951e-046 1.16006e-042 8.18781e-040 3.58268e-037 1.04959e-034 2.168e-032 3.27898e-030 3.73855e-028 3.28901e-026 2.27581e-024 1.25856e-022 5.63902e-021 2.07122e-019 6.30047e-018 1.60151e-016 3.42857e-015 6.22524e-014 9.64606e-013 1.28261e-011 1.47074e-010 1.46081e-009 1.26178e-008 9.51148e-008 6.27725e-007 3.63738e-006 1.85534e-005 8.3499e-005 0.000332264 0.00117133 0.00366503 0.010197 0.0252747 0.0559292 0.110768 0.196963 0.315757 0.458931 0.609315 0.746382 0.854197 0.926873 0.96845 0.988254 0.995487 0.995986 0.991515 0.980344 0.958055 0.918548 0.855764 0.766278 0.651952 0.521153 0.387321 0.265063 0.165563 0.0936111 0.0475312 0.0214995 0.00859007 0.0030035 0.000909198 0.000235242 5.11998e-005 9.18211e-006 1.31927e-006 1.45808e-007 1.16241e-008 5.94336e-010 1.46219e-011 0 0 0 0 0 0 0 0 0 0 
0 0 0 0 0 0 0 0 0 0 0 0 0 0 0 0 0 0 0 0 5.19445e-050 1.76075e-046 2.38801e-043 1.75666e-040 7.99954e-038 2.436e-035 5.22478e-033 8.19813e-031 9.69014e-029 8.83257e-027 6.3292e-025 3.6235e-023 1.68034e-021 6.38698e-020 2.01049e-018 5.28859e-017 1.17184e-015 2.20267e-014 3.53442e-013 4.86864e-012 5.78627e-011 5.95996e-010 5.34192e-009 4.18153e-008 2.86796e-007 1.72857e-006 9.17969e-006 4.30561e-005 0.000178754 0.000658212 0.0021537 0.00627348 0.0162984 0.0378404 0.0786927 0.146988 0.247481 0.377356 0.524372 0.669626 0.794339 0.886868 0.945758 0.977537 0.991606 0.99572 0.993874 0.986188 0.969619 0.938875 0.8878 0.811561 0.709327 0.586255 0.453386 0.32492 0.213879 0.128265 0.0695437 0.0338338 0.0146571 0.00560772 0.00187757 0.000544348 0.000134928 2.81434e-005 4.83895e-006 6.66861e-007 7.0727e-008 5.41349e-009 2.65881e-010 6.28659e-012 0 0 0 0 0 0 0 0 0 
0 0 0 0 0 0 0 0 0 0 0 0 0 0 0 0 0 0 0 0 9.92345e-051 3.51724e-047 4.97823e-044 3.81529e-041 1.80749e-038 5.71893e-036 1.27312e-033 2.07151e-031 2.53715e-029 2.39486e-027 1.77626e-025 1.05217e-023 5.04703e-022 1.98401e-020 6.45844e-019 1.7569e-017 4.02624e-016 7.82867e-015 1.2998e-013 1.85325e-012 2.28073e-011 2.4338e-010 2.26127e-009 1.83606e-008 1.30718e-007 8.18478e-007 4.51941e-006 2.20613e-005 9.5418e-005 0.000366417 0.00125172 0.00381086 0.0103591 0.0251906 0.0549144 0.107584 0.190005 0.30372 0.441736 0.588682 0.725437 0.836183 0.913774 0.960423 0.984093 0.993542 0.994843 0.99019 0.978175 0.954618 0.913737 0.849957 0.760391 0.647223 0.518668 0.387523 0.267549 0.169308 0.0974656 0.0506761 0.0236284 0.009807 0.00359454 0.00115307 0.000320358 7.61184e-005 1.52249e-005 2.51129e-006 3.3216e-007 3.38272e-008 2.48738e-009 1.17422e-010 2.66988e-012 0 0 0 0 0 0 0 0 
0 0 0 0 0 0 0 0 0 0 0 0 0 0 0 0 0 0 0 0 1.92067e-051 7.11593e-048 1.05073e-044 8.38675e-042 4.1319e-039 1.35783e-036 3.13605e-034 5.28914e-032 6.70953e-030 6.55535e-028 5.02998e-026 3.08117e-024 1.52794e-022 6.20823e-021 2.08861e-019 5.87185e-018 1.39076e-016 2.79531e-015 4.79845e-014 7.07574e-013 9.00922e-012 9.95099e-011 9.57474e-010 8.05582e-009 5.94695e-008 3.86384e-007 2.21562e-006 1.12414e-005 5.05823e-005 0.000202278 0.000720324 0.00228848 0.00649833 0.0165234 0.0376973 0.077343 0.143094 0.239559 0.364535 0.507193 0.650248 0.775813 0.871836 0.935423 0.971515 0.988563 0.994163 0.992601 0.984349 0.966623 0.934399 0.881927 0.804917 0.703021 0.581535 0.451133 0.325267 0.216187 0.13147 0.0726432 0.0362244 0.0161917 0.00644125 0.00226283 0.000695829 0.000185363 4.22437e-005 8.10731e-006 1.28367e-006 1.63054e-007 1.59546e-008 1.12772e-009 5.1199e-011 1.12014e-012 0 0 0 0 0 0 0 
0 0 0 0 0 0 0 0 0 0 0 0 0 0 0 0 0 0 0 0 3.76531e-052 1.45776e-048 2.24487e-045 1.86549e-042 9.55432e-040 3.25979e-037 7.808e-035 1.36441e-032 1.79188e-030 1.81127e-028 1.43711e-026 9.09888e-025 4.66216e-023 1.95686e-021 6.79984e-020 1.97444e-018 4.83017e-017 1.00283e-015 1.77854e-014 2.71027e-013 3.56736e-012 4.07492e-011 4.05673e-010 3.53335e-009 2.70185e-008 1.81957e-007 1.08229e-006 5.70057e-006 2.66512e-005 0.000110837 0.000410858 0.00136009 0.00402816 0.0106932 0.0254917 0.0546896 0.105852 0.185394 0.294966 0.428464 0.571975 0.707695 0.820186 0.901509 0.952427 0.979622 0.991251 0.993407 0.98857 0.975614 0.950608 0.908104 0.843021 0.753027 0.640668 0.514089 0.38554 0.267999 0.171385 0.100136 0.0531078 0.0254041 0.0108892 0.00415366 0.00139926 0.000412684 0.000105469 2.30676e-005 4.25034e-006 6.46386e-007 7.88965e-008 7.42161e-009 5.04555e-010 2.20429e-011 4.64288e-013 0 0 0 0 0 0 
0 0 0 0 0 0 0 0 0 0 0 0 0 0 0 0 0 0 0 0 7.47492e-053 3.02317e-049 4.85375e-046 4.19791e-043 2.2343e-040 7.91164e-038 1.96456e-035 3.55549e-033 4.83215e-031 5.05118e-029 4.14223e-027 2.70939e-025 1.4337e-023 6.21307e-022 2.2287e-020 6.67985e-019 1.68676e-017 3.61509e-016 6.61947e-015 1.04167e-013 1.41629e-012 1.67172e-011 1.72044e-010 1.54983e-009 1.2264e-008 8.55217e-008 5.2709e-007 2.8788e-006 1.39671e-005 6.03306e-005 0.000232486 0.0008008 0.00247013 0.0068356 0.0170021 0.0380862 0.077012 0.140945 0.234265 0.355145 0.49383 0.634422 0.759969 0.858344 0.925627 0.965429 0.985232 0.9923 0.991032 0.982154 0.963127 0.92921 0.875074 0.796986 0.695105 0.574918 0.446816 0.323575 0.216698 0.133284 0.0748115 0.038087 0.0174811 0.00718815 0.00263028 0.000850104 0.000240597 5.90242e-005 1.23963e-005 2.19417e-006 3.20688e-007 3.76345e-008 3.40536e-009 2.22798e-010 9.37164e-012 1.90143e-013 0 0 0 0 0 
0 0 0 0 0 0 0 0 0 0 0 0 0 0 0 0 0 0 0 0 1.50233e-053 6.3455e-050 1.06183e-046 9.55493e-044 5.28315e-041 1.94089e-038 4.99443e-036 9.35803e-034 1.31561e-031 1.42159e-029 1.20436e-027 8.13453e-026 4.44319e-024 1.987e-022 7.35385e-021 2.27381e-019 5.92316e-018 1.30963e-016 2.47418e-015 4.0179e-014 5.6388e-013 6.87229e-012 7.30546e-011 6.80066e-010 5.56385e-009 4.01368e-008 2.56061e-007 1.44863e-006 7.28551e-006 3.26466e-005 0.000130619 0.000467537 0.00149996 0.004321 0.0111976 0.026154 0.0551747 0.10539 0.182815 0.289073 0.418674 0.558881 0.693083 0.806376 0.890382 0.944754 0.975031 0.98869 0.991674 0.986615 0.972609 0.945973 0.901611 0.834953 0.744238 0.63241 0.507599 0.381581 0.266597 0.171916 0.101676 0.0548248 0.0267977 0.0118049 0.00465839 0.00163595 0.000507526 0.000137914 3.24951e-005 6.55706e-006 1.11556e-006 1.56782e-007 1.77003e-008 1.54147e-009 9.71095e-011 3.93497e-012 7.69452e-014 0 0 0 0 
0 0 0 0 0 0 0 0 0 0 0 0 0 0 0 0 0 0 0 0 3.05622e-054 1.34773e-050 2.34984e-047 2.19933e-044 1.26291e-041 4.81188e-039 1.28273e-036 2.48734e-034 3.61584e-032 4.03717e-030 3.53198e-028 2.46228e-026 1.38762e-024 6.40055e-023 2.44277e-021 7.78777e-020 2.09159e-018 4.76808e-017 9.28827e-016 1.55552e-014 2.2518e-013 2.83159e-012 3.10678e-011 2.98621e-010 2.52378e-009 1.88169e-008 1.24144e-007 7.26761e-007 3.78478e-006 1.75745e-005 7.29203e-005 0.0002709 0.000902782 0.00270373 0.00729013 0.0177299 0.0389717 0.0775969 0.140332 0.23127 0.348775 0.483905 0.621926 0.746811 0.846586 0.916645 0.959508 0.981745 0.990169 0.989145 0.979555 0.959076 0.923256 0.867213 0.787785 0.685659 0.566551 0.440625 0.320039 0.21557 0.133803 0.076083 0.0394137 0.0185001 0.00782448 0.00296439 0.000999579 0.000297814 7.77419e-005 1.76024e-005 3.41455e-006 5.58682e-007 7.55435e-008 8.20923e-009 6.88449e-010 4.17837e-011 1.63189e-012 3.07702e-014 0 0 0 
0 0 0 0 0 0 0 0 0 0 0 0 0 0 0 0 0 0 0 0 6.29167e-055 2.89589e-051 5.2594e-048 5.11846e-045 3.0514e-042 1.20541e-039 3.32769e-037 6.67559e-035 1.00308e-032 1.15678e-030 1.04466e-028 7.51365e-027 4.36681e-025 2.07658e-023 8.16862e-022 2.68377e-020 7.42745e-019 1.74474e-017 3.50244e-016 6.04523e-015 9.02083e-014 1.16959e-012 1.32352e-011 1.31254e-010 1.14498e-009 8.81565e-009 6.00928e-008 3.63686e-007 1.95924e-006 9.41753e-006 4.04784e-005 0.000155895 0.000539009 0.00167614 0.00469633 0.0118776 0.027168 0.0563199 0.106072 0.182035 0.2857 0.411986 0.549089 0.681462 0.794814 0.880595 0.937636 0.970492 0.985941 0.989655 0.98429 0.969104 0.940653 0.894211 0.82574 0.734067 0.622555 0.49936 0.375834 0.263522 0.171036 0.102157 0.0558473 0.0277986 0.0125335 0.00509129 0.00185266 0.000600114 0.000171799 4.31041e-005 9.38373e-006 1.75083e-006 2.75648e-007 3.58801e-008 3.75501e-009 3.03406e-010 1.77498e-011 6.68506e-013 1.21608e-014 0 0 
0 0 0 0 0 0 0 0 0 0 0 0 0 0 0 0 0 0 0 0 1.31044e-055 6.29384e-052 1.19033e-048 1.20419e-045 7.45074e-043 3.05065e-040 8.7185e-038 1.80878e-035 2.80831e-033 3.34387e-031 3.11588e-029 2.3112e-027 1.38466e-025 6.7853e-024 2.7498e-022 9.30571e-021 2.65247e-019 6.41699e-018 1.3267e-016 2.35862e-015 3.62576e-014 4.8438e-013 5.64936e-012 5.77617e-011 5.19693e-010 4.12868e-009 2.90535e-008 1.81616e-007 1.01116e-006 5.0263e-006 2.23565e-005 8.91643e-005 0.000319486 0.00103037 0.00299633 0.00787095 0.0187115 0.0403371 0.0790306 0.141102 0.230317 0.34509 0.477078 0.61252 0.736273 0.836662 0.908665 0.953942 0.978224 0.987815 0.986926 0.976506 0.954408 0.916482 0.85831 0.777323 0.674751 0.556563 0.432734 0.314845 0.212963 0.133135 0.0765106 0.0402152 0.0192379 0.0083342 0.00325281 0.00113738 0.000354085 9.74474e-005 2.35116e-005 4.92389e-006 8.84122e-007 1.3401e-007 1.68008e-008 1.69421e-009 1.31961e-010 7.44511e-012 2.70536e-013 4.75017e-015 0 
0 0 0 0 0 0 0 0 0 0 0 0 0 0 0 0 0 0 0 0 2.76092e-056 1.3833e-052 2.72362e-049 2.86334e-046 1.83822e-043 7.79856e-041 2.30657e-038 4.94725e-036 7.93388e-034 9.75033e-032 9.37124e-030 7.16574e-028 4.42363e-026 2.23286e-024 9.3181e-023 3.24656e-021 9.52611e-020 2.37226e-018 5.04859e-017 9.23951e-016 1.46231e-014 2.01166e-013 2.41657e-012 2.54564e-011 2.36054e-010 1.93354e-009 1.4035e-008 9.05425e-008 5.20521e-007 2.67325e-006 1.22925e-005 5.07178e-005 0.000188129 0.000628546 0.00189491 0.00516399 0.0127442 0.0285364 0.0580985 0.107811 0.182877 0.284578 0.408078 0.542309 0.672658 0.785487 0.872265 0.931242 0.96615 0.983085 0.987361 0.981561 0.965042 0.934587 0.885856 0.815365 0.722546 0.611196 0.489519 0.368477 0.258947 0.168881 0.101666 0.0562128 0.0284113 0.0130651 0.00544028 0.00204094 0.000686046 0.000205364 5.43601e-005 1.26191e-005 2.54361e-006 4.3976e-007 6.42065e-008 7.7569e-009 7.54096e-010 5.66488e-011 3.08378e-012 1.08166e-013 1.83404e-015 
0 0 0 0 0 0 0 0 0 0 0 0 0 0 0 0 0 0 0 0 5.88284e-057 3.07399e-053 6.29933e-050 6.88021e-047 4.58164e-044 2.01341e-041 6.16104e-039 1.36573e-036 2.26153e-034 2.86757e-032 2.84171e-030 2.23916e-028 1.42378e-026 7.39948e-025 3.17844e-023 1.13962e-021 3.44064e-020 8.81525e-019 1.93012e-017 3.63432e-016 5.91857e-015 8.37916e-014 1.03611e-012 1.12376e-011 1.07323e-010 9.05735e-010 6.77642e-009 4.50795e-008 2.67375e-007 1.41747e-006 6.73225e-006 2.87074e-005 0.000110125 0.000380762 0.00118875 0.00335709 0.00859103 0.0199591 0.0421809 0.0812735 0.143147 0.231208 0.343816 0.47305 0.605964 0.728238 0.828598 0.901809 0.948872 0.974771 0.985279 0.984362 0.972956 0.949059 0.908827 0.848328 0.765604 0.662439 0.545071 0.423302 0.308166 0.209035 0.131397 0.0761605 0.0405168 0.0196951 0.00870874 0.00348677 0.00125784 0.00040665 0.000117103 2.98288e-005 6.66562e-006 1.29383e-006 2.1549e-007 3.03213e-008 3.53177e-009 3.31167e-010 2.40054e-011 1.26147e-012 4.27309e-014 
0 0 0 0 0 0 0 0 0 0 0 0 0 0 0 0 0 0 0 0 1.26746e-057 6.90545e-054 1.47243e-050 1.67034e-047 1.15345e-044 5.24902e-042 1.66127e-039 3.80476e-037 6.50343e-035 8.5052e-033 8.68729e-031 7.05139e-029 4.61643e-027 2.46926e-025 1.0913e-023 4.0249e-022 1.24974e-020 3.29277e-019 7.41374e-018 1.43552e-016 2.40419e-015 3.50087e-014 4.45328e-013 4.96995e-012 4.88533e-011 4.24489e-010 3.27109e-009 2.24224e-008 1.37099e-007 7.49647e-007 3.67426e-006 1.61779e-005 6.41202e-005 0.000229204 0.000740282 0.00216416 0.00573672 0.0138134 0.0302714 0.0605021 0.110552 0.185211 0.285493 0.406678 0.538272 0.666482 0.77833 0.865441 0.925685 0.962115 0.980186 0.984803 0.978396 0.960364 0.927707 0.876492 0.803808 0.709705 0.598419 0.478214 0.359678 0.253038 0.16559 0.100297 0.0559708 0.0286525 0.0133983 0.0056985 0.00219459 0.000761613 0.000236918 6.56647e-005 1.61035e-005 3.46574e-006 6.48134e-007 1.04044e-007 1.41159e-008 1.586e-009 1.43511e-010 1.00427e-011 5.09683e-013 
0 0 0 0 0 0 0 0 0 0 0 0 0 0 0 0 0 0 0 0 2.76064e-058 1.56786e-054 3.47767e-051 4.09648e-048 2.93266e-045 1.38162e-042 4.52129e-040 1.06954e-037 1.88648e-035 2.54381e-033 2.67714e-031 2.23765e-029 1.50777e-027 8.29722e-026 3.77141e-024 1.43019e-022 4.5652e-021 1.23636e-019 2.86117e-018 5.69421e-017 9.80245e-016 1.46733e-014 1.91905e-013 2.20242e-012 2.22687e-011 1.99089e-010 1.57908e-009 1.11453e-008 7.01989e-008 3.95585e-007 1.99922e-006 9.08147e-006 3.71553e-005 0.000137183 0.000457923 0.00138443 0.00379746 0.00946731 0.0214917 0.0445137 0.0843074 0.146394 0.233794 0.344727 0.471561 0.602026 0.722564 0.822366 0.896139 0.944394 0.971467 0.982593 0.981437 0.968856 0.942963 0.900228 0.837226 0.752629 0.648781 0.532184 0.412481 0.30017 0.203938 0.128707 0.0751077 0.0403549 0.0198822 0.00894607 0.00366105 0.00135672 0.000453147 0.000135697 3.62155e-005 8.55488e-006 1.77409e-006 3.19808e-007 4.95055e-008 6.47934e-009 7.02557e-010 6.13752e-011 4.14822e-012 
0 0 0 0 0 0 0 0 0 0 0 0 0 0 0 0 0 0 0 0 6.07772e-059 3.59725e-055 8.29823e-052 1.01473e-048 7.52907e-046 3.67111e-043 1.24183e-040 3.03331e-038 5.51927e-036 7.67122e-034 8.31564e-032 7.15481e-030 4.96025e-028 2.80721e-026 1.31181e-024 5.11291e-023 1.67707e-021 4.66654e-020 1.10947e-018 2.26839e-017 4.01184e-016 6.17017e-015 8.29229e-014 9.78104e-013 1.01666e-011 9.34629e-011 7.62508e-010 5.53776e-009 3.59042e-008 2.08363e-007 1.08495e-006 5.08034e-006 2.14377e-005 8.16815e-005 0.000281536 0.000879398 0.00249364 0.0064304 0.0151068 0.032394 0.063537 0.114263 0.188943 0.288277 0.407557 0.536736 0.66274 0.77324 0.860122 0.921027 0.958463 0.977292 0.981984 0.974754 0.955006 0.919946 0.866065 0.791048 0.695571 0.584306 0.465573 0.349595 0.245957 0.161301 0.0981496 0.0551795 0.0285479 0.0135395 0.0058638 0.00230977 0.000823994 0.000264988 7.64227e-005 1.96491e-005 4.47303e-006 8.94244e-007 1.55462e-007 2.32171e-008 2.93274e-009 3.07032e-010 2.59075e-011 
0 0 0 0 0 0 0 0 0 0 0 0 0 0 0 0 0 0 0 0 1.35222e-059 8.33889e-056 2.0001e-052 2.53833e-049 1.95152e-046 9.84563e-044 3.44176e-041 8.67823e-039 1.62846e-036 2.33227e-034 2.60326e-032 2.30494e-030 1.64352e-028 9.5624e-027 4.59227e-025 1.83892e-023 6.1957e-022 1.77055e-020 4.32276e-019 9.07565e-018 1.64825e-016 2.60329e-015 3.5933e-014 4.35376e-013 4.64946e-012 4.3926e-011 3.68388e-010 2.75116e-009 1.83488e-008 1.09582e-007 5.87454e-007 2.83341e-006 1.23216e-005 4.84073e-005 0.000172132 0.000555001 0.00162543 0.00433145 0.0105208 0.023335 0.0473563 0.0881309 0.150795 0.237961 0.34764 0.472384 0.600487 0.719094 0.817897 0.891667 0.940563 0.968361 0.979776 0.978129 0.96415 0.936052 0.890621 0.824967 0.738402 0.633829 0.518008 0.400414 0.291017 0.197823 0.125184 0.0734325 0.0397735 0.0198172 0.00904977 0.00377367 0.00143131 0.000491741 0.000152329 4.23294e-005 1.04896e-005 2.30229e-006 4.43928e-007 7.44628e-008 1.07336e-008 1.30919e-009 1.32394e-010 
0 0 0 0 0 0 0 0 0 0 0 0 0 0 0 0 0 0 0 0 3.03988e-060 1.95276e-056 4.86877e-053 6.41126e-050 5.10613e-047 2.66481e-044 9.62408e-042 2.5043e-039 4.84495e-037 7.14798e-035 8.21287e-033 7.4806e-031 5.48429e-029 3.27932e-027 1.6179e-025 6.65374e-024 2.30181e-022 6.75286e-021 1.69235e-019 3.64696e-018 6.79826e-017 1.10214e-015 1.56165e-014 1.94264e-013 2.13031e-012 2.06715e-011 1.78106e-010 1.36692e-009 9.37202e-009 5.75606e-008 3.1747e-007 1.57605e-006 7.05773e-006 2.8567e-005 0.000104711 0.000348206 0.00105234 0.00289528 0.00726426 0.0166506 0.0349327 0.0672213 0.118931 0.194009 0.292796 0.410523 0.537484 0.661239 0.770094 0.856265 0.917287 0.955235 0.974429 0.978894 0.970594 0.948903 0.911235 0.854523 0.777067 0.680173 0.568937 0.451722 0.338379 0.237858 0.156149 0.0953237 0.0539024 0.0281301 0.0135007 0.00593804 0.00238488 0.000871331 0.000288412 8.60983e-005 2.30628e-005 5.51094e-006 1.16673e-006 2.17081e-007 3.51484e-008 4.89252e-009 5.76466e-010 
0 0 0 0 0 0 0 0 0 0 0 0 0 0 0 0 0 0 0 0 6.90388e-061 4.6187e-057 1.19679e-053 1.63481e-050 1.34845e-047 7.27785e-045 2.71482e-042 7.28837e-040 1.45335e-037 2.20816e-035 2.61088e-033 2.44565e-031 1.84292e-029 1.13213e-027 5.73621e-026 2.42192e-024 8.59958e-023 2.58898e-021 6.65741e-020 1.47194e-018 2.81505e-017 4.68238e-016 6.80749e-015 8.68991e-014 9.78037e-013 9.74223e-012 8.61871e-011 6.79365e-010 4.7855e-009 3.02067e-008 1.71289e-007 8.74634e-007 4.03035e-006 1.67945e-005 6.34064e-005 0.000217287 0.000677066 0.00192161 0.00497598 0.0117766 0.0255204 0.0507386 0.0927562 0.156323 0.243622 0.352405 0.475323 0.601143 0.717664 0.815097 0.888369 0.937396 0.965478 0.976829 0.974404 0.95878 0.928252 0.879943 0.811515 0.72293 0.617642 0.502647 0.387242 0.28086 0.190835 0.120946 0.0712178 0.0388216 0.0195234 0.00902782 0.00382553 0.00148036 0.000521197 0.000166281 4.78571e-005 1.23628e-005 2.84985e-006 5.82247e-007 1.04581e-007 1.63528e-008 2.19904e-009 
0 0 0 0 0 0 0 0 0 0 0 0 0 0 0 0 0 0 0 0 1.58376e-061 1.1032e-057 2.97018e-054 4.20784e-051 3.5937e-048 2.00539e-045 7.72454e-043 2.13899e-040 4.39511e-038 6.87505e-036 8.3628e-034 8.05373e-032 6.23596e-030 3.93442e-028 2.04656e-026 8.8681e-025 3.23076e-023 9.97759e-022 2.63154e-020 5.96707e-019 1.17033e-017 1.99636e-016 2.97668e-015 3.89741e-014 4.49977e-013 4.59879e-012 4.17514e-011 3.3782e-010 2.44336e-009 1.5841e-008 9.22956e-008 4.84415e-007 2.29538e-006 9.83989e-006 3.82357e-005 0.000134925 0.000433133 0.00126707 0.00338347 0.00826127 0.0184766 0.0379234 0.0715835 0.124559 0.200362 0.298944 0.415411 0.540317 0.661791 0.768755 0.853799 0.91445 0.952439 0.9716 0.975512 0.965863 0.941984 0.901504 0.841816 0.761853 0.663546 0.552396 0.436784 0.326178 0.228892 0.150265 0.0919203 0.0522059 0.0274359 0.0132985 0.00592637 0.00242026 0.000902715 0.00030639 9.42556e-005 2.61651e-005 6.52131e-006 1.45086e-006 2.86185e-007 4.96457e-008 7.50007e-009 
0 0 0 0 0 0 0 0 0 0 0 0 0 0 0 0 0 0 0 0 3.66923e-062 2.66064e-058 7.4413e-055 1.09309e-051 9.66391e-049 5.57436e-046 2.21666e-043 6.32956e-041 1.3398e-038 2.15713e-036 2.69867e-034 2.67121e-032 2.1246e-030 1.37628e-028 7.34726e-027 3.26633e-025 1.22051e-023 3.86523e-022 1.04521e-020 2.4297e-019 4.8851e-018 8.54229e-017 1.30572e-015 1.75272e-014 2.07489e-013 2.17462e-012 2.02503e-011 1.681e-010 1.24768e-009 8.30354e-009 4.96787e-008 2.67838e-007 1.3042e-006 5.74769e-006 2.29708e-005 8.34061e-005 0.000275632 0.000830454 0.00228498 0.00575122 0.0132647 0.0280855 0.0546983 0.0982066 0.162967 0.250712 0.358897 0.480203 0.603803 0.718105 0.813852 0.886188 0.934878 0.962813 0.973732 0.970219 0.952679 0.919492 0.868134 0.796838 0.706224 0.600279 0.486207 0.3731 0.269848 0.183113 0.11611 0.0685469 0.0375507 0.0190279 0.00889155 0.00381985 0.00150395 0.000540876 0.000177046 5.25403e-005 1.40736e-005 3.38571e-006 7.27307e-007 1.38568e-007 2.3226e-008 
0 0 0 0 0 0 0 0 0 0 0 0 0 0 0 0 0 0 0 0 8.58388e-063 6.47813e-059 1.88171e-055 2.86544e-052 2.62186e-049 1.56292e-046 6.41453e-044 1.88831e-041 4.11658e-039 6.82004e-037 8.77288e-035 8.92255e-033 7.28782e-031 4.84564e-029 2.65404e-027 1.21012e-025 4.63631e-024 1.50512e-022 4.17145e-021 9.93739e-020 2.04737e-018 3.66853e-017 5.74606e-016 7.90422e-015 9.58985e-014 1.03023e-012 9.83527e-012 8.37178e-011 6.37322e-010 4.35152e-009 2.6718e-008 1.4788e-007 7.39505e-007 3.34827e-006 1.37535e-005 5.13487e-005 0.000174562 0.000541274 0.00153341 0.00397554 0.00944846 0.0206214 0.041408 0.0766601 0.131162 0.207974 0.306635 0.422079 0.54506 0.664219 0.769075 0.85263 0.912469 0.950058 0.968786 0.971798 0.960501 0.934177 0.890683 0.827899 0.745397 0.645728 0.534769 0.420883 0.313135 0.2192 0.143777 0.088038 0.0501569 0.0265045 0.0129523 0.0058364 0.00241788 0.000918096 0.000318489 0.000100583 2.8806e-005 7.44865e-006 1.73038e-006 3.59064e-007 6.61041e-008 
0 0 0 0 0 0 0 0 0 0 0 0 0 0 0 0 0 0 0 0 2.02745e-063 1.59214e-059 4.80214e-056 7.57903e-053 7.17552e-050 4.41945e-047 1.87164e-044 5.67881e-042 1.27471e-039 2.17253e-037 2.87269e-035 3.00128e-033 2.5167e-031 1.71705e-029 9.64601e-028 4.50941e-026 1.77087e-024 5.89116e-023 1.67284e-021 4.08244e-020 8.61564e-019 1.58127e-017 2.53695e-016 3.57475e-015 4.44304e-014 4.89028e-013 4.78398e-012 4.17354e-011 3.25707e-010 2.28034e-009 1.43608e-008 8.15524e-008 4.18571e-007 1.94584e-006 8.2097e-006 3.14956e-005 0.000110067 0.000350993 0.00102305 0.00273007 0.00668107 0.0150195 0.0310735 0.05928 0.104514 0.170727 0.259184 0.367008 0.486868 0.608289 0.720253 0.814036 0.885048 0.932969 0.960339 0.97045 0.965517 0.945775 0.909698 0.855136 0.780914 0.688307 0.581809 0.468796 0.358122 0.258123 0.174793 0.110787 0.0655014 0.0360135 0.0183599 0.00865458 0.00376165 0.00150325 0.000550691 0.000184342 5.6191e-005 1.55368e-005 3.8799e-006 8.70737e-007 1.74608e-007 
0 0 0 0 0 0 0 0 0 0 0 0 0 0 0 0 0 0 0 0 4.83405e-064 3.94929e-060 1.23661e-056 2.02237e-053 1.98075e-050 1.26019e-047 5.50576e-045 1.72139e-042 3.97759e-040 6.97223e-038 9.47436e-036 1.01654e-033 8.74881e-032 6.12312e-030 3.52712e-028 1.69011e-026 6.80089e-025 2.31771e-023 6.7407e-022 1.68461e-020 3.64042e-019 6.84122e-018 1.12382e-016 1.62144e-015 2.06364e-014 2.32612e-013 2.33074e-012 2.08299e-011 1.66563e-010 1.19515e-009 7.7159e-009 4.49321e-008 2.3656e-007 1.12845e-006 4.8872e-006 1.92535e-005 6.91223e-005 0.000226536 0.00067888 0.00186338 0.00469212 0.0108574 0.0231274 0.0454351 0.0824949 0.138761 0.216828 0.315799 0.430402 0.551547 0.668349 0.770905 0.852648 0.911277 0.948046 0.965944 0.967698 0.954436 0.925404 0.878707 0.812732 0.727703 0.62677 0.516146 0.404142 0.29939 0.208923 0.136805 0.0837717 0.0478214 0.0253762 0.0124832 0.00567749 0.00238097 0.000918156 0.000324621 0.000104899 3.08747e-005 8.24536e-006 1.98936e-006 4.31482e-007 
0 0 0 0 0 0 0 0 0 0 0 0 0 0 0 0 0 0 0 0 1.16333e-064 9.8856e-061 3.21286e-057 5.44351e-054 5.51424e-051 3.62318e-048 1.63268e-045 5.25887e-043 1.2506e-040 2.25404e-038 3.14694e-036 3.46666e-034 3.06138e-032 2.19733e-030 1.29749e-028 6.37076e-027 2.62602e-025 9.165e-024 2.72917e-022 6.98243e-021 1.54452e-019 2.97087e-018 4.99507e-017 7.37645e-016 9.60961e-015 1.10883e-013 1.13748e-012 1.04093e-011 8.52463e-011 6.26582e-010 4.14484e-009 2.47378e-008 1.33524e-007 6.53212e-007 2.90227e-006 1.17341e-005 4.32498e-005 0.000145579 0.000448253 0.00126464 0.00327441 0.00779356 0.0170809 0.0345338 0.0645344 0.111716 0.179611 0.268999 0.376648 0.49518 0.614436 0.723944 0.815513 0.884852 0.931603 0.958003 0.966926 0.96023 0.93799 0.898795 0.840897 0.763726 0.669207 0.562305 0.450524 0.342443 0.245826 0.166003 0.105083 0.06216 0.0342618 0.0175494 0.00833191 0.0036572 0.0014803 0.000551027 0.000188095 5.86974e-005 1.66884e-005 4.30634e-006 1.00423e-006 
0 0 0 0 0 0 0 0 0 0 0 0 0 0 0 0 0 0 0 0 2.82534e-065 2.49675e-061 8.42074e-058 1.47778e-054 1.54799e-051 1.05022e-048 4.88008e-046 1.61901e-043 3.96151e-041 7.34e-039 1.05261e-036 1.19022e-034 1.07821e-032 7.93458e-031 4.80146e-029 2.41508e-027 1.01945e-025 3.6426e-024 1.11026e-022 2.90699e-021 6.57992e-020 1.29498e-018 2.22773e-017 3.36595e-016 4.48665e-015 5.2975e-014 5.56137e-013 5.20901e-012 4.36695e-011 3.28652e-010 2.22649e-009 1.36125e-008 7.52876e-008 3.77516e-007 1.7198e-006 7.1318e-006 2.69711e-005 9.31838e-005 0.000294615 0.00085379 0.00227159 0.00555766 0.0125244 0.0260424 0.0500587 0.0891373 0.147385 0.226915 0.326375 0.440268 0.559629 0.674015 0.774092 0.853733 0.910785 0.946339 0.963014 0.963143 0.947591 0.915586 0.865512 0.796285 0.708784 0.606729 0.496626 0.386685 0.285079 0.198191 0.129466 0.0792119 0.0452628 0.0240908 0.0119131 0.00546003 0.00231365 0.000904154 0.000324999 0.000107151 3.23036e-005 8.87524e-006 2.2138e-006 
0 0 0 0 0 0 0 0 0 0 0 0 0 0 0 0 0 0 0 0 6.92388e-066 6.36175e-062 2.22616e-058 4.04579e-055 4.38149e-052 3.06867e-049 1.47009e-046 5.02236e-044 1.26417e-041 2.40732e-039 3.54524e-037 4.11376e-035 3.82191e-033 2.8829e-031 1.78733e-029 9.20692e-028 3.97882e-026 1.45507e-024 4.53817e-023 1.21564e-021 2.8147e-020 5.66611e-019 9.96944e-018 1.54063e-016 2.10043e-015 2.53675e-014 2.72426e-013 2.61057e-012 2.23944e-011 1.72488e-010 1.19618e-009 7.48804e-009 4.24151e-008 2.17884e-007 1.01717e-006 4.32395e-006 1.67685e-005 5.94298e-005 0.000192816 0.000573617 0.00156725 0.00393896 0.00912137 0.0194942 0.0385211 0.0705176 0.119858 0.189634 0.280127 0.387732 0.505009 0.622086 0.729016 0.818142 0.885488 0.930696 0.955734 0.963087 0.954277 0.92924 0.886712 0.825372 0.745272 0.648966 0.541852 0.431507 0.326194 0.233089 0.156864 0.0990978 0.0585976 0.0323456 0.0166261 0.00793916 0.00351356 0.00143775 0.000542646 0.000188421 6.00223e-005 1.74884e-005 4.64498e-006 
0 0 0 0 0 0 0 0 0 0 0 0 0 0 0 0 0 0 0 0 1.71193e-066 1.63513e-062 5.93545e-059 1.11687e-055 1.25025e-052 9.03771e-050 4.46282e-047 1.56971e-044 4.06363e-042 7.95128e-040 1.20224e-037 1.43125e-035 1.36337e-033 1.05386e-031 6.69225e-030 3.52955e-028 1.56115e-026 5.84163e-025 1.86376e-023 5.1061e-022 1.20901e-020 2.48857e-019 4.47691e-018 7.0736e-017 9.86023e-016 1.21763e-014 1.33714e-013 1.31041e-012 1.14977e-011 9.05946e-011 6.42831e-010 4.11835e-009 2.38801e-008 1.25608e-007 6.006e-007 2.61581e-006 1.03967e-005 3.77769e-005 0.0001257 0.000383652 0.00107578 0.00277576 0.00660096 0.0144914 0.0294201 0.0553383 0.0966411 0.157067 0.23823 0.33831 0.451573 0.569162 0.681058 0.778482 0.855753 0.91089 0.944849 0.959915 0.958049 0.939877 0.904644 0.85104 0.778538 0.688662 0.585673 0.476314 0.368639 0.270336 0.187132 0.121867 0.0744436 0.0425414 0.0226865 0.0112638 0.00519491 0.00222063 0.000877768 0.000320076 0.000107397 3.30682e-005 9.31532e-006 
0 0 0 0 0 0 0 0 0 0 0 0 0 0 0 0 0 0 0 0 4.26993e-067 4.23887e-063 1.59584e-059 3.10857e-056 3.59624e-053 2.68259e-050 1.36513e-047 4.94245e-045 1.31565e-042 2.64463e-040 4.10453e-038 5.01211e-036 4.89414e-034 3.87578e-032 2.52031e-030 1.36058e-028 6.15776e-027 2.35696e-025 7.69026e-024 2.15421e-022 5.21446e-021 1.09715e-019 2.01742e-018 3.25795e-017 4.64171e-016 5.85879e-015 6.57662e-014 6.58875e-013 5.91065e-012 4.76234e-011 3.4561e-010 2.26503e-009 1.34383e-008 7.23425e-008 3.54118e-007 1.57936e-006 6.43008e-006 2.39404e-005 8.16523e-005 0.00025553 0.000734929 0.00194563 0.00474868 0.0107023 0.0223103 0.0430957 0.0772901 0.128985 0.200814 0.292541 0.400185 0.516232 0.631086 0.735312 0.821779 0.886834 0.930147 0.953442 0.958844 0.947566 0.919438 0.873379 0.808526 0.725559 0.627638 0.520543 0.411864 0.309507 0.220042 0.147491 0.0929264 0.0548839 0.030312 0.0156188 0.00749185 0.00333815 0.00137865 0.000526587 0.000185581 6.01951e-005 1.79215e-005 
0 0 0 0 0 0 0 0 0 0 0 0 0 0 0 0 0 0 0 0 1.07424e-067 1.10819e-063 4.32627e-060 8.72219e-057 1.04261e-053 8.024e-051 4.20723e-048 1.5676e-045 4.2899e-043 8.85688e-041 1.41069e-038 1.76654e-036 1.76781e-034 1.43394e-032 9.54606e-031 5.27366e-029 2.44156e-027 9.55702e-026 3.18806e-024 9.12849e-023 2.25826e-021 4.85547e-020 9.12279e-019 1.5053e-017 2.19129e-016 2.82606e-015 3.24154e-014 3.31867e-013 3.04268e-012 2.50589e-011 1.85917e-010 1.24589e-009 7.55997e-009 4.1633e-008 2.08532e-007 9.51929e-007 3.96793e-006 1.51299e-005 5.28649e-005 0.000169541 0.000499862 0.00135698 0.00339722 0.00785564 0.0168057 0.0333198 0.0613383 0.105064 0.167842 0.25077 0.351554 0.464218 0.580009 0.689322 0.783921 0.85857 0.911474 0.943476 0.956551 0.952318 0.931201 0.892496 0.835243 0.759482 0.667378 0.563684 0.455319 0.350133 0.25529 0.175866 0.114111 0.0695456 0.0397131 0.0211994 0.0105562 0.00489298 0.00210683 0.000840939 0.00031048 0.000105789 3.31827e-005 
0 0 0 0 0 0 0 0 0 0 0 0 0 0 0 0 0 0 0 0 2.72569e-068 2.92141e-064 1.18243e-060 2.46687e-057 3.04632e-054 2.41837e-051 1.30626e-048 5.00786e-046 1.40862e-043 2.98639e-041 4.88041e-039 6.26597e-037 6.4248e-035 5.33664e-033 3.6363e-031 2.05522e-029 9.73113e-028 3.89432e-026 1.3278e-024 3.88519e-023 9.82016e-022 2.157e-020 4.13982e-019 6.97731e-018 1.03745e-016 1.36664e-015 1.60122e-014 1.67463e-013 1.5686e-012 1.31999e-011 1.0008e-010 6.85499e-010 4.25233e-009 2.39454e-008 1.2267e-007 5.72883e-007 2.44365e-006 9.53786e-006 3.41234e-005 0.000112089 0.000338591 0.00094204 0.00241777 0.00573304 0.0125798 0.0255861 0.0483233 0.0849162 0.139147 0.213166 0.306215 0.413932 0.528731 0.641289 0.742675 0.826273 0.88876 0.92984 0.951022 0.954094 0.939996 0.908496 0.858733 0.790335 0.704608 0.605289 0.498478 0.391718 0.292511 0.206808 0.137994 0.0866554 0.0510835 0.0282046 0.0145542 0.00700494 0.00313837 0.00130625 0.000504062 0.000179951 5.93001e-005 
0 0 0 0 0 0 0 0 0 0 0 0 0 0 0 0 0 0 0 0 6.97415e-069 7.76489e-065 3.25778e-061 7.03199e-058 8.96932e-055 7.34355e-052 4.08537e-049 1.61123e-046 4.65735e-044 1.01374e-041 1.69944e-039 2.23659e-037 2.34921e-035 1.99777e-033 1.39295e-031 8.05269e-030 3.89844e-028 1.59464e-026 5.55588e-025 1.66081e-023 4.28784e-022 9.61884e-021 1.88522e-019 3.2445e-018 4.92598e-017 6.62596e-016 7.92729e-015 8.46641e-014 8.09908e-013 6.96129e-012 5.39165e-011 3.77315e-010 2.39182e-009 1.37663e-008 7.20986e-008 3.44311e-007 1.50223e-006 5.99899e-006 2.19651e-005 7.38628e-005 0.000228481 0.000651155 0.00171235 0.00416143 0.00936077 0.019521 0.0378065 0.0681268 0.114464 0.179744 0.264532 0.366056 0.478106 0.592037 0.698653 0.790253 0.862042 0.912409 0.942102 0.95281 0.945844 0.921465 0.879069 0.818078 0.739123 0.644982 0.540852 0.433762 0.331295 0.240068 0.164506 0.106291 0.0645901 0.036829 0.0196627 0.00980984 0.00456465 0.00197723 0.000795741 0.000296956 0.000102544 
0 0 0 0 0 0 0 0 0 0 0 0 0 0 0 0 0 0 0 0 1.79927e-069 2.08062e-065 9.04709e-062 2.0201e-058 2.6609e-055 2.24645e-052 1.28695e-049 5.22044e-047 1.55041e-044 3.46403e-042 5.95584e-040 8.03309e-038 8.64156e-036 7.52207e-034 5.3657e-032 3.17205e-030 1.56975e-028 6.5615e-027 2.33545e-025 7.13045e-024 1.87988e-022 4.30573e-021 8.61532e-020 1.5136e-018 2.3458e-017 3.22091e-016 3.93364e-015 4.28876e-014 4.18854e-013 3.67583e-012 2.90725e-011 2.07789e-010 1.34549e-009 7.91203e-009 4.23454e-008 2.067e-007 9.22021e-007 3.76541e-006 1.41031e-005 4.85264e-005 0.000153637 0.00044828 0.00120725 0.00300539 0.00692668 0.0148032 0.0293846 0.0542742 0.0934625 0.150392 0.226708 0.321121 0.428899 0.542391 0.652552 0.750948 0.831472 0.891124 0.929648 0.948353 0.948722 0.931462 0.896325 0.842719 0.770787 0.682458 0.582001 0.475771 0.371198 0.275336 0.193506 0.128472 0.0803642 0.0472545 0.0260631 0.0134571 0.00649237 0.00292136 0.00122378 0.000476371 0.000171977 
0 0 0 0 0 0 0 0 0 0 0 0 0 0 0 0 0 0 0 0 4.67994e-070 5.61973e-066 2.53214e-062 5.84768e-059 7.95313e-056 6.92231e-053 4.08297e-050 1.70319e-047 5.19613e-045 1.19146e-042 2.10057e-040 2.90301e-038 3.19773e-036 2.8485e-034 2.07831e-032 1.25613e-030 6.35285e-029 2.71291e-027 9.86225e-026 3.07462e-024 8.27541e-023 1.93474e-021 3.95105e-020 7.08405e-019 1.12039e-017 1.56985e-016 1.9565e-015 2.1769e-014 2.16981e-013 1.94359e-012 1.56917e-011 1.14502e-010 7.57076e-010 4.54666e-009 2.48568e-008 1.23967e-007 5.65114e-007 2.35909e-006 9.03434e-006 3.17925e-005 0.000102974 0.000307458 0.000847534 0.00216021 0.00509868 0.0111613 0.0226971 0.0429505 0.0757757 0.124901 0.192806 0.279508 0.381764 0.49314 0.605114 0.7089 0.797323 0.866018 0.913556 0.940598 0.94857 0.938512 0.910569 0.86429 0.79952 0.717482 0.621543 0.517281 0.411764 0.312253 0.224792 0.153157 0.0984934 0.0596423 0.0339349 0.0181063 0.00904269 0.00421966 0.00183657 0.000744253 0.000280302 
0 0 0 0 0 0 0 0 0 0 0 0 0 0 0 0 0 0 0 0 1.22709e-070 1.52988e-066 7.14187e-063 1.70556e-059 2.39467e-056 2.14846e-053 1.30448e-050 5.59482e-048 1.75308e-045 4.1246e-043 7.45511e-041 1.05548e-038 1.19026e-036 1.08481e-034 8.09399e-033 5.00039e-031 2.58393e-029 1.12705e-027 4.18365e-026 1.33148e-024 3.65769e-023 8.7266e-022 1.81838e-020 3.32633e-019 5.36711e-018 7.67189e-017 9.75436e-016 1.10725e-014 1.126e-013 1.02913e-012 8.47865e-012 6.31413e-011 4.26139e-010 2.61269e-009 1.45849e-008 7.4288e-008 3.45937e-007 1.47556e-006 5.7752e-006 2.07761e-005 6.88102e-005 0.000210141 0.000592645 0.00154581 0.00373462 0.0083699 0.0174286 0.0337747 0.0610227 0.102997 0.162766 0.241452 0.337229 0.445007 0.557093 0.66473 0.759977 0.837223 0.893779 0.929433 0.945303 0.942603 0.921852 0.88284 0.825291 0.749885 0.659161 0.557866 0.45254 0.35043 0.258105 0.180246 0.119016 0.0741241 0.043449 0.0239226 0.0123495 0.0059668 0.00269373 0.00113436 0.000444824 
0 0 0 0 0 0 0 0 0 0 0 0 0 0 0 0 0 0 0 0 3.24307e-071 4.19733e-067 2.02972e-063 5.01162e-060 7.26287e-057 6.71561e-054 4.19666e-051 1.85029e-048 5.95351e-046 1.437e-043 2.66233e-041 3.86066e-039 4.45616e-037 4.15458e-035 3.16927e-033 2.0009e-031 1.05622e-029 4.70452e-028 1.78277e-026 5.79074e-025 1.62322e-023 3.95104e-022 8.39829e-021 1.56699e-019 2.57874e-018 3.75943e-017 4.87491e-016 5.64378e-015 5.85384e-014 5.45731e-013 4.58653e-012 3.48473e-011 2.39974e-010 1.5015e-009 8.55547e-009 4.4488e-008 2.11542e-007 9.21568e-007 3.68479e-006 1.35454e-005 4.58533e-005 0.000143162 0.000412882 0.00110156 0.00272282 0.00624462 0.0133087 0.0264 0.0488273 0.0843587 0.136434 0.207056 0.295687 0.398619 0.50922 0.619108 0.719912 0.804975 0.870345 0.91477 0.938825 0.943697 0.930198 0.898416 0.8481 0.779553 0.694597 0.597144 0.493086 0.389456 0.293137 0.209578 0.141918 0.0907958 0.0547598 0.0310714 0.0165565 0.00827059 0.00386678 0.00168928 0.000688476 
0 0 0 0 0 0 0 0 0 0 0 0 0 0 0 0 0 0 0 0 8.63842e-072 1.16042e-067 5.81191e-064 1.48346e-060 2.21863e-057 2.1139e-054 1.35937e-051 6.16005e-049 2.03498e-046 5.03813e-044 9.56593e-042 1.42052e-039 1.67794e-037 1.59996e-035 1.24761e-033 8.04781e-032 4.33873e-030 1.97302e-028 7.63103e-027 2.5292e-025 7.23259e-024 1.79564e-022 3.89249e-021 7.40606e-020 1.24274e-018 1.84725e-017 2.44229e-016 2.88292e-015 3.04895e-014 2.89841e-013 2.48414e-012 1.92493e-011 1.35214e-010 8.6309e-010 5.01785e-009 2.66281e-008 1.29241e-007 5.7482e-007 2.34701e-006 8.81235e-006 3.04772e-005 9.72398e-005 0.000286655 0.000781926 0.00197651 0.00463661 0.0101093 0.0205183 0.0388311 0.0686467 0.113587 0.176313 0.257402 0.354498 0.462174 0.57272 0.67768 0.769606 0.843368 0.896573 0.929044 0.941731 0.935606 0.911055 0.867964 0.806418 0.727652 0.634788 0.532992 0.428913 0.329548 0.240939 0.167132 0.109711 0.0679986 0.0397124 0.0218138 0.0112506 0.00543944 0.00246143 0.00104087 
0 0 0 0 0 0 0 0 0 0 0 0 0 0 0 0 0 0 0 0 2.31881e-072 3.23251e-068 1.67654e-064 4.42299e-061 6.82549e-058 6.70015e-055 4.43304e-052 2.06436e-049 7.0005e-047 1.77741e-044 3.45796e-042 5.25755e-040 6.35413e-038 6.19543e-036 4.93734e-034 3.25342e-032 1.79099e-030 8.31331e-029 3.28099e-027 1.10935e-025 3.23554e-024 8.19143e-023 1.81048e-021 3.51179e-020 6.00706e-019 9.10177e-018 1.2266e-016 1.47587e-015 1.59106e-014 1.54184e-013 1.3472e-012 1.06436e-011 7.62361e-011 4.96275e-010 2.9429e-009 1.59318e-008 7.88994e-008 3.58128e-007 1.49261e-006 5.72201e-006 2.02095e-005 6.58646e-005 0.00019838 0.000553015 0.0014289 0.00342709 0.00764097 0.0158611 0.0307025 0.0555165 0.0939508 0.149118 0.222518 0.313048 0.416558 0.526243 0.633884 0.731536 0.813048 0.874865 0.915894 0.936631 0.93805 0.920781 0.88491 0.830446 0.758181 0.670522 0.571883 0.468391 0.366969 0.274072 0.194534 0.130879 0.0832669 0.0499932 0.0282733 0.015036 0.00750729 0.00351371 0.00153931 
0 0 0 0 0 0 0 0 0 0 0 0 0 0 0 0 0 0 0 0 6.27198e-073 9.07204e-069 4.87169e-065 1.32818e-061 2.11454e-058 2.1382e-055 1.45531e-052 6.96314e-050 2.42351e-047 6.30923e-045 1.2575e-042 1.9572e-040 2.41977e-038 2.41209e-036 1.96418e-034 1.32188e-032 7.42893e-031 3.51908e-029 1.41693e-027 4.8863e-026 1.45321e-024 3.75086e-023 8.45057e-022 1.67067e-020 2.91244e-019 4.49704e-018 6.17587e-017 7.57237e-016 8.31897e-015 8.21563e-014 7.31607e-013 5.8914e-012 4.30151e-011 2.85474e-010 1.7261e-009 9.52952e-009 4.81363e-008 2.22901e-007 9.47942e-007 3.70884e-006 1.3372e-005 4.44981e-005 0.000136879 0.000389786 0.00102905 0.0025223 0.00574824 0.0121983 0.0241418 0.0446337 0.0772261 0.125298 0.19107 0.274557 0.372883 0.480313 0.589149 0.691256 0.779676 0.849744 0.899344 0.928327 0.937486 0.927596 0.898962 0.851628 0.786084 0.704126 0.609425 0.507499 0.405022 0.30868 0.223956 0.154259 0.100631 0.0620429 0.0360837 0.0197628 0.0101768 0.00491987 0.00222966 
0 0 0 0 0 0 0 0 0 0 0 0 0 0 0 0 0 0 0 0 1.70926e-073 2.56488e-069 1.42586e-065 4.01664e-062 6.59618e-059 6.86967e-056 4.80914e-053 2.3638e-050 8.44253e-048 2.25323e-045 4.60004e-043 7.32787e-041 9.26628e-039 9.44161e-037 7.85458e-035 5.39773e-033 3.09629e-031 1.49651e-029 6.14604e-028 2.16126e-026 6.55287e-025 1.72395e-023 3.95824e-022 7.97399e-021 1.41634e-019 2.22811e-018 3.11737e-017 3.89402e-016 4.35829e-015 4.38515e-014 3.97871e-013 3.26466e-012 2.42905e-011 1.64297e-010 1.01259e-009 5.69914e-009 2.9353e-008 1.38615e-007 6.01292e-007 2.40012e-006 8.83027e-006 2.99916e-005 9.41825e-005 0.000273861 0.000738424 0.00184893 0.00430522 0.0093361 0.0188838 0.0356831 0.0631012 0.104626 0.163004 0.239204 0.331563 0.435508 0.544098 0.649306 0.743619 0.821382 0.879414 0.916767 0.93386 0.931483 0.910136 0.869967 0.811295 0.735425 0.645333 0.545872 0.443329 0.344439 0.25518 0.179764 0.120118 0.0759668 0.0453852 0.0255699 0.0135638 0.00676438 0.00316702 
0 0 0 0 0 0 0 0 0 0 0 0 0 0 0 0 0 0 0 0 4.69285e-074 7.30441e-070 4.20301e-066 1.22318e-062 2.07169e-059 2.22184e-056 1.59955e-053 8.07544e-051 2.95924e-048 8.09549e-046 1.69258e-043 2.75918e-041 3.56797e-039 3.71541e-037 3.15712e-035 2.21502e-033 1.29664e-031 6.39309e-030 2.67753e-028 9.59919e-027 2.9665e-025 7.95307e-024 1.86054e-022 3.81839e-021 6.90871e-020 1.10703e-018 1.57755e-017 2.00705e-016 2.28793e-015 2.34471e-014 2.16694e-013 1.81122e-012 1.3729e-011 9.46121e-011 5.94183e-010 3.4082e-009 1.78923e-008 8.6138e-008 3.80995e-007 1.55096e-006 5.82056e-006 2.01699e-005 6.4637e-005 0.000191841 0.00052809 0.00135021 0.00321097 0.00711276 0.0146976 0.0283753 0.051267 0.0868416 0.138194 0.207066 0.292905 0.392329 0.499327 0.606253 0.70531 0.790029 0.856188 0.901926 0.927118 0.932414 0.918435 0.88547 0.833777 0.76429 0.679365 0.583177 0.481518 0.381008 0.287955 0.207262 0.141714 0.091841 0.0563038 0.0325954 0.017791 0.00914176 0.0044161 
0 0 0 0 0 0 0 0 0 0 0 0 0 0 0 0 0 0 0 0 1.29791e-074 2.09517e-070 1.24766e-066 3.7506e-063 6.55049e-060 7.23335e-057 5.35441e-054 2.77612e-051 1.04361e-048 2.92589e-046 6.2639e-044 1.04476e-041 1.38132e-039 1.46978e-037 1.27546e-035 9.13419e-034 5.45563e-032 2.74349e-030 1.17153e-028 4.28108e-027 1.34821e-025 3.6826e-024 8.77588e-023 1.83444e-021 3.38022e-020 5.51566e-019 8.00372e-018 1.03687e-016 1.20355e-015 1.25596e-014 1.18199e-013 1.00612e-012 7.76711e-012 5.45196e-011 3.48789e-010 2.03827e-009 1.09033e-008 5.34954e-008 2.41181e-007 1.00094e-006 3.83035e-006 1.35373e-005 4.42539e-005 0.000134012 0.000376474 0.000982512 0.00238541 0.00539543 0.0113856 0.0224495 0.0414264 0.0716669 0.116457 0.178135 0.25712 0.351192 0.455387 0.562669 0.665232 0.756004 0.829812 0.883824 0.91722 0.930348 0.923848 0.898144 0.853511 0.790628 0.711326 0.61912 0.519238 0.418039 0.321999 0.236578 0.165362 0.109708 0.0689466 0.0409715 0.0229851 0.0121554 0.00605128 
0 0 0 0 0 0 0 0 0 0 0 0 0 0 0 0 0 0 0 0 3.61571e-075 6.0524e-071 3.72942e-067 1.15787e-063 2.08499e-060 2.37019e-057 1.80375e-054 9.6027e-052 3.7026e-049 1.0637e-046 2.3314e-044 3.97793e-042 5.37654e-040 5.84459e-038 5.17873e-036 3.78502e-034 2.3062e-032 1.18261e-030 5.14793e-029 1.91712e-027 6.15125e-026 1.7115e-024 4.15387e-023 8.84186e-022 1.65888e-020 2.75587e-019 4.07117e-018 5.36913e-017 6.34443e-016 6.73996e-015 6.4575e-014 5.59616e-013 4.3987e-012 3.14398e-011 2.04833e-010 1.21916e-009 6.64324e-009 3.32067e-008 1.5255e-007 6.45226e-007 2.51686e-006 9.06883e-006 3.02314e-005 9.33737e-005 0.000267593 0.000712562 0.00176552 0.00407597 0.00878047 0.0176754 0.0333014 0.0588192 0.0975735 0.152329 0.224323 0.312423 0.412767 0.519112 0.623898 0.719691 0.8005 0.86253 0.904149 0.925247 0.926356 0.90799 0.870485 0.814373 0.741059 0.653448 0.556163 0.455189 0.357008 0.267499 0.190962 0.129575 0.0833967 0.0508202 0.0292736 0.0159156 0.00815614 
0 0 0 0 0 0 0 0 0 0 0 0 0 0 0 0 0 0 0 0 1.01448e-075 1.76065e-071 1.12243e-067 3.59853e-064 6.68006e-061 7.81642e-058 6.11444e-055 3.34194e-052 1.32148e-049 3.88953e-047 8.72642e-045 1.52292e-042 2.10386e-040 2.3361e-038 2.1132e-036 1.57599e-034 9.7939e-033 5.12045e-031 2.27175e-029 8.62008e-028 2.8174e-026 7.98347e-025 1.97296e-023 4.2756e-022 8.16588e-021 1.38084e-019 2.07621e-018 2.78681e-017 3.3515e-016 3.62368e-015 3.53359e-014 3.11687e-013 2.49379e-012 1.8145e-011 1.20354e-010 7.29387e-010 4.04734e-009 2.06048e-008 9.64223e-008 4.155e-007 1.65154e-006 6.06502e-006 2.06098e-005 6.49019e-005 0.000189675 0.000515161 0.00130213 0.00306726 0.00674273 0.0138527 0.026638 0.0480213 0.0812999 0.129511 0.194547 0.276259 0.371883 0.476104 0.581833 0.681517 0.768532 0.838169 0.887922 0.91708 0.92593 0.914998 0.884695 0.835482 0.768445 0.685945 0.591996 0.49212 0.392668 0.299784 0.218376 0.151411 0.0997093 0.0622486 0.0367806 0.0205377 0.0108226 
0 0 0 0 0 0 0 0 0 0 0 0 0 0 0 0 0 0 0 0 2.86652e-076 5.15725e-072 3.40106e-068 1.12581e-064 2.1541e-061 2.59405e-058 2.08555e-055 1.1701e-052 4.74428e-050 1.43042e-047 3.28455e-045 5.86203e-043 8.27588e-041 9.38512e-039 8.66559e-037 6.59328e-035 4.17835e-033 2.22683e-031 1.00675e-029 3.89158e-028 1.2954e-026 3.7376e-025 9.4034e-024 2.07425e-022 4.03191e-021 6.93829e-020 1.06158e-018 1.44991e-017 1.77425e-016 1.95195e-015 1.9368e-014 1.73843e-013 1.41544e-012 1.04813e-011 7.07594e-011 4.36508e-010 2.46587e-009 1.27818e-008 6.091e-008 2.67325e-007 1.0824e-006 4.04984e-006 1.40238e-005 4.50109e-005 0.000134097 0.000371349 0.0009572 0.00229973 0.00515709 0.0108093 0.0212077 0.0390089 0.067381 0.109499 0.167755 0.242848 0.333075 0.434119 0.539553 0.641946 0.734241 0.810925 0.868597 0.905836 0.922541 0.919154 0.896133 0.853927 0.793395 0.716434 0.626474 0.528518 0.42866 0.333166 0.247431 0.175146 0.117909 0.0753446 0.045623 0.0261386 0.0141497 
0 0 0 0 0 0 0 0 0 0 0 0 0 0 0 0 0 0 0 0 8.15625e-077 1.52098e-072 1.03745e-068 3.54521e-065 6.99082e-062 8.6629e-059 7.15705e-056 4.1213e-053 1.71317e-050 5.29037e-048 1.2431e-045 2.26853e-043 3.27241e-041 3.78945e-039 3.57085e-037 2.77137e-035 1.79071e-033 9.72666e-032 4.48027e-030 1.76393e-028 5.97889e-027 1.75619e-025 4.49721e-024 1.00956e-022 1.9968e-021 3.49614e-020 5.44212e-019 7.56155e-018 9.41304e-017 1.05347e-015 1.06338e-014 9.71002e-014 8.04336e-013 6.06002e-012 4.16288e-011 2.61334e-010 1.5025e-009 7.9275e-009 3.84584e-008 1.71857e-007 7.08613e-007 2.7004e-006 9.52575e-006 3.11511e-005 9.45752e-005 0.000266944 0.00070145 0.0017183 0.00392933 0.00839955 0.0168087 0.031536 0.0555612 0.0920855 0.14385 0.212264 0.2966 0.393572 0.497555 0.601456 0.698009 0.781038 0.846281 0.89153 0.916169 0.920437 0.904791 0.869688 0.81584 0.744772 0.659368 0.564087 0.464668 0.367363 0.277922 0.200677 0.137986 0.0901729 0.0559065 0.0328341 0.0182415 
0 0 0 0 0 0 0 0 0 0 0 0 0 0 0 0 0 0 0 0 2.33675e-077 4.516e-073 3.18556e-069 1.12362e-065 2.28313e-062 2.9109e-059 2.47096e-056 1.46016e-053 6.22195e-051 1.96761e-048 4.73047e-046 8.82552e-044 1.30063e-041 1.53772e-039 1.47857e-037 1.17034e-035 7.70899e-034 4.26696e-032 2.00212e-030 8.02721e-029 2.77003e-027 8.28168e-026 2.15818e-024 4.92949e-023 9.91917e-022 1.76665e-020 2.79716e-019 3.95297e-018 5.00486e-017 5.69676e-016 5.84841e-015 5.43161e-014 4.57638e-013 3.50722e-012 2.45087e-011 1.56531e-010 9.15679e-010 4.91633e-009 2.42733e-008 1.10408e-007 4.63453e-007 1.79828e-006 6.46004e-006 2.15175e-005 6.65508e-005 0.000191395 0.000512526 0.00127967 0.00298306 0.00650129 0.0132654 0.0253779 0.0455917 0.0770437 0.122692 0.184509 0.262638 0.354809 0.456294 0.560527 0.66025 0.748802 0.821132 0.874212 0.906806 0.918826 0.910653 0.882748 0.835734 0.770845 0.690483 0.59856 0.50039 0.402085 0.309618 0.227864 0.1599 0.106772 0.0677217 0.0407355 0.023205 
0 0 0 0 0 0 0 0 0 0 0 0 0 0 0 0 0 0 0 0 6.74039e-078 1.34981e-073 9.84535e-070 3.584e-066 7.50312e-063 9.84102e-060 8.58195e-057 5.2035e-054 2.27256e-051 7.35857e-049 1.80984e-046 3.45152e-044 5.19576e-042 6.27077e-040 6.15156e-038 4.96521e-036 3.33354e-034 1.87991e-032 8.98388e-031 3.66743e-029 1.28821e-027 3.91945e-026 1.03923e-024 2.41474e-023 4.94229e-022 8.95242e-021 1.44147e-019 2.0715e-018 2.6669e-017 3.08668e-016 3.22217e-015 3.04296e-014 2.60714e-013 2.0319e-012 1.44407e-011 9.38065e-011 5.58195e-010 3.04889e-009 1.53159e-008 7.08902e-008 3.02849e-007 1.19614e-006 4.37453e-006 1.48366e-005 4.67321e-005 0.000136894 0.000373454 0.00095007 0.00225694 0.00501319 0.0104264 0.0203331 0.0372367 0.0641415 0.104106 0.159527 0.231298 0.318108 0.416178 0.519624 0.621399 0.714551 0.793355 0.853973 0.894466 0.914308 0.913704 0.893091 0.85304 0.794565 0.719655 0.631698 0.535537 0.437039 0.342271 0.256537 0.183574 0.125152 0.0811401 0.0499456 0.0291475 
0 0 0 0 0 0 0 0 0 0 0 0 0 0 0 0 0 0 0 0 1.95736e-078 4.06113e-074 3.06247e-070 1.1504e-066 2.48101e-063 3.3471e-060 2.99821e-057 1.86503e-054 8.34718e-052 2.76708e-049 6.96123e-047 1.35684e-044 2.08607e-042 2.5697e-040 2.57148e-038 2.11615e-036 1.44787e-034 8.31765e-033 4.04775e-031 1.68213e-029 6.01335e-028 1.86158e-026 5.0212e-025 1.18667e-023 2.46997e-022 4.54941e-021 7.4479e-020 1.08817e-018 1.42424e-017 1.6758e-016 1.77841e-015 1.70742e-014 1.48724e-013 1.17846e-012 8.51574e-012 5.62502e-011 3.40388e-010 1.89092e-009 9.66208e-009 4.54952e-008 1.97751e-007 7.94782e-007 2.9583e-006 1.02131e-005 3.2751e-005 9.76904e-005 0.000271414 0.00070331 0.00170205 0.00385198 0.00816339 0.0162232 0.0302771 0.0531476 0.0878977 0.137217 0.202619 0.283673 0.37756 0.479184 0.581899 0.678657 0.763206 0.830946 0.879192 0.906876 0.913928 0.900704 0.867729 0.815862 0.74675 0.663294 0.569843 0.471938 0.375619 0.286501 0.208901 0.145295 0.0962118 0.0605558 0.0361739 
0 0 0 0 0 0 0 0 0 0 0 0 0 0 0 0 0 0 0 0 5.72185e-079 1.22982e-074 9.58675e-071 3.71565e-067 8.25388e-064 1.1452e-060 1.05357e-057 6.72267e-055 3.08298e-052 1.04616e-049 2.69165e-047 5.36132e-045 8.41725e-043 1.05814e-040 1.07997e-038 9.05987e-037 6.31615e-035 3.69569e-033 1.83115e-031 7.74546e-030 2.81748e-028 8.87316e-027 2.43426e-025 5.85028e-024 1.23811e-022 2.31843e-021 3.85836e-020 5.73011e-019 7.62302e-018 9.11654e-017 9.83333e-016 9.5956e-015 8.4955e-014 6.84252e-013 5.02626e-012 3.37519e-011 2.07653e-010 1.17293e-009 6.09465e-009 2.91863e-008 1.2904e-007 5.27603e-007 1.99811e-006 7.01974e-006 2.29109e-005 6.95655e-005 0.000196774 0.000519211 0.00127966 0.00294977 0.00636802 0.0128925 0.0245133 0.0438384 0.0738585 0.117439 0.176585 0.251644 0.34073 0.439607 0.542185 0.641513 0.730979 0.805309 0.861062 0.896546 0.911315 0.90557 0.879779 0.834685 0.771658 0.693166 0.603063 0.506504 0.409395 0.31754 0.235745 0.167149 0.112962 0.0726424 0.0443833 
0 0 0 0 0 0 0 0 0 0 0 0 0 0 0 0 0 0 0 0 1.68363e-079 3.74816e-075 3.01995e-071 1.2075e-067 2.76249e-064 3.94139e-061 3.72359e-058 2.4369e-055 1.14494e-052 3.97644e-050 1.04619e-047 2.12919e-045 3.4131e-043 4.37803e-041 4.55672e-039 3.89623e-037 2.7673e-035 1.64893e-033 8.31721e-032 3.58022e-030 1.32498e-028 4.2443e-027 1.18409e-025 2.89337e-024 6.22488e-023 1.18483e-021 2.00407e-020 3.02473e-019 4.08923e-018 4.9696e-017 5.44706e-016 5.40139e-015 4.85963e-014 3.97767e-013 2.96946e-012 2.02666e-011 1.26738e-010 7.27718e-010 3.84425e-009 1.87181e-008 8.41557e-008 3.49947e-007 1.34807e-006 4.8181e-006 1.60002e-005 4.94393e-005 0.000142334 0.000382309 0.000959303 0.00225165 0.00495013 0.0102068 0.0197659 0.0360027 0.061777 0.10003 0.153131 0.222098 0.305916 0.401246 0.502673 0.603525 0.697006 0.777283 0.840187 0.883353 0.905862 0.907677 0.88917 0.850991 0.794292 0.721161 0.634981 0.540476 0.443329 0.34942 0.263942 0.190637 0.131392 0.0862638 0.0538662 
0 0 0 0 0 0 0 0 0 0 0 0 0 0 0 0 0 0 0 0 4.98616e-080 1.14961e-075 9.57243e-072 3.94803e-068 9.30087e-065 1.3644e-061 1.32351e-058 8.88264e-056 4.2751e-053 1.51945e-050 4.08735e-048 8.4983e-046 1.39073e-043 1.81998e-041 1.93146e-039 1.68304e-037 1.21766e-035 7.38769e-034 3.79283e-032 1.66125e-030 6.25388e-029 2.0373e-027 5.77895e-026 1.4355e-024 3.13906e-023 6.07209e-022 1.04367e-020 1.60055e-019 2.19853e-018 2.71458e-017 3.02292e-016 3.04545e-015 2.78381e-014 2.31508e-013 1.75606e-012 1.21785e-011 7.73927e-011 4.51626e-010 2.42489e-009 1.2002e-008 5.48579e-008 2.31941e-007 9.0859e-007 3.30272e-006 1.11565e-005 3.50708e-005 0.000102735 0.000280818 0.000717182 0.00171354 0.00383515 0.0080513 0.0158758 0.0294446 0.051444 0.0848074 0.132155 0.195052 0.273284 0.364399 0.46375 0.565098 0.66164 0.747126 0.816722 0.867363 0.897582 0.907014 0.895884 0.864747 0.814581 0.747152 0.665401 0.573609 0.477158 0.381901 0.293308 0.215652 0.151474 0.101458 0.0647015 
