0 0.1 0.2 0.3 0.4 0.5 0.6 0.7 0.8 0.9 1 0.9 0.8 0.7 0.6 0.5 0.4 0.3 0.2 0.1 0 
0 0.105887 0.20101 0.300173 0.400028 0.499995 0.59994 0.699643 0.797918 0.887868 0.929289 0.887868 0.797918 0.699643 0.59994 0.499995 0.400028 0.300173 0.20101 0.105887 0 
0 0.108571 0.202898 0.300739 0.400151 0.499946 0.599569 0.697951 0.790991 0.864645 0.893934 0.864645 0.790991 0.697951 0.599569 0.499946 0.400151 0.300739 0.202898 0.108571 0 
0 0.110161 0.204472 0.301564 0.400384 0.49975 0.598502 0.694229 0.780413 0.843674 0.867418 0.843674 0.780413 0.694229 0.598502 0.49975 0.400384 0.301564 0.204472 0.110161 0 
0 0.111235 0.205715 0.302386 0.40062 0.499251 0.5965 0.688767 0.768728 0.824871 0.845321 0.824871 0.768728 0.688767 0.5965 0.499251 0.40062 0.302386 0.205715 0.111235 0 
0 0.112014 0.206692 0.303086 0.400714 0.498321 0.59359 0.682199 0.756844 0.807771 0.825988 0.807771 0.756844 0.682199 0.59359 0.498321 0.400714 0.303086 0.206692 0.112014 0 
0 0.1126 0.207447 0.303597 0.400556 0.496905 0.589931 0.674979 0.745108 0.792012 0.80859 0.792012 0.745108 0.674979 0.589931 0.496905 0.400556 0.303597 0.207447 0.1126 0 
0 0.113043 0.208002 0.30388 0.400084 0.495012 0.585691 0.667391 0.733656 0.777337 0.792646 0.777337 0.733656 0.667391 0.585691 0.495012 0.400084 0.30388 0.208002 0.113043 0 
0 0.113365 0.208368 0.303915 0.399276 0.492682 0.581013 0.659613 0.722535 0.76356 0.777848 0.76356 0.722535 0.659613 0.581013 0.492682 0.399276 0.303915 0.208368 0.113365 0 
0 0.113578 0.208548 0.303693 0.398135 0.489966 0.576007 0.651756 0.711757 0.750541 0.763983 0.750541 0.711757 0.651756 0.576007 0.489966 0.398135 0.303693 0.208548 0.113578 0 
0 0.113688 0.208545 0.303215 0.396677 0.486918 0.570758 0.643891 0.701312 0.738172 0.750898 0.738172 0.701312 0.643891 0.570758 0.486918 0.396677 0.303215 0.208545 0.113688 0 
0 0.113697 0.208363 0.302491 0.394928 0.483588 0.565329 0.636061 0.691186 0.72637 0.73848 0.72637 0.691186 0.636061 0.565329 0.483588 0.394928 0.302491 0.208363 0.113697 0 
0 0.113608 0.208009 0.301533 0.392914 0.480019 0.55977 0.628295 0.681361 0.715068 0.726639 0.715068 0.681361 0.628295 0.55977 0.480019 0.392914 0.301533 0.208009 0.113608 0 
0 0.113426 0.20749 0.300357 0.390665 0.476251 0.554119 0.62061 0.671817 0.70421 0.715306 0.70421 0.671817 0.62061 0.554119 0.476251 0.390665 0.300357 0.20749 0.113426 0 
0 0.113154 0.206817 0.298982 0.388206 0.472316 0.548405 0.613016 0.662537 0.69375 0.704422 0.69375 0.662537 0.613016 0.548405 0.472316 0.388206 0.298982 0.206817 0.113154 0 
0 0.112797 0.205998 0.297425 0.385563 0.468243 0.542651 0.605521 0.653502 0.68365 0.693941 0.68365 0.653502 0.605521 0.542651 0.468243 0.385563 0.297425 0.205998 0.112797 0 
0 0.112361 0.205047 0.295703 0.382759 0.464056 0.536875 0.598128 0.644697 0.673877 0.683823 0.673877 0.644697 0.598128 0.536875 0.464056 0.382759 0.295703 0.205047 0.112361 0 
0 0.111852 0.203974 0.293833 0.379814 0.459775 0.531091 0.590838 0.636107 0.664403 0.674034 0.664403 0.636107 0.590838 0.531091 0.459775 0.379814 0.293833 0.203974 0.111852 0 
0 0.111276 0.20279 0.291832 0.376748 0.455419 0.525311 0.58365 0.627717 0.655202 0.664546 0.655202 0.627717 0.58365 0.525311 0.455419 0.376748 0.291832 0.20279 0.111276 0 
0 0.110639 0.201507 0.289714 0.373577 0.451003 0.519543 0.576565 0.619517 0.646253 0.655334 0.646253 0.619517 0.576565 0.519543 0.451003 0.373577 0.289714 0.201507 0.110639 0 
0 0.109947 0.200135 0.287494 0.370318 0.44654 0.513796 0.56958 0.611495 0.637538 0.646375 0.637538 0.611495 0.56958 0.513796 0.44654 0.370318 0.287494 0.200135 0.109947 0 
0 0.109207 0.198684 0.285185 0.366983 0.442042 0.508075 0.562694 0.60364 0.629039 0.637651 0.629039 0.60364 0.562694 0.508075 0.442042 0.366983 0.285185 0.198684 0.109207 0 
0 0.108422 0.197163 0.282797 0.363585 0.437518 0.502385 0.555905 0.595944 0.620743 0.629144 0.620743 0.595944 0.555905 0.502385 0.437518 0.363585 0.282797 0.197163 0.108422 0 
0 0.107599 0.195581 0.280343 0.360134 0.432978 0.49673 0.549211 0.588397 0.612635 0.620841 0.612635 0.588397 0.549211 0.49673 0.432978 0.360134 0.280343 0.195581 0.107599 0 
0 0.106741 0.193946 0.277832 0.356642 0.42843 0.491115 0.54261 0.580992 0.604705 0.612727 0.604705 0.580992 0.54261 0.491115 0.42843 0.356642 0.277832 0.193946 0.106741 0 
0 0.105854 0.192265 0.275272 0.353116 0.423879 0.485541 0.536098 0.573723 0.59694 0.604791 0.59694 0.573723 0.536098 0.485541 0.423879 0.353116 0.275272 0.192265 0.105854 0 
0 0.104942 0.190545 0.272673 0.349565 0.419332 0.480011 0.529676 0.566582 0.589333 0.597021 0.589333 0.566582 0.529676 0.480011 0.419332 0.349565 0.272673 0.190545 0.104942 0 
0 0.104008 0.188792 0.27004 0.345995 0.414793 0.474527 0.523339 0.559564 0.581874 0.589409 0.581874 0.559564 0.523339 0.474527 0.414793 0.345995 0.27004 0.188792 0.104008 0 
0 0.103055 0.187011 0.267382 0.342412 0.410269 0.469091 0.517088 0.552664 0.574555 0.581946 0.574555 0.552664 0.517088 0.469091 0.410269 0.342412 0.267382 0.187011 0.103055 0 
0 0.102087 0.185208 0.264703 0.338823 0.405761 0.463703 0.510918 0.545877 0.56737 0.574624 0.56737 0.545877 0.510918 0.463703 0.405761 0.338823 0.264703 0.185208 0.102087 0 
0 0.101106 0.183387 0.262009 0.335232 0.401274 0.458365 0.50483 0.539197 0.560312 0.567436 0.560312 0.539197 0.50483 0.458365 0.401274 0.335232 0.262009 0.183387 0.101106 0 
0 0.100114 0.181551 0.259306 0.331644 0.396811 0.453077 0.49882 0.532622 0.553376 0.560375 0.553376 0.532622 0.49882 0.453077 0.396811 0.331644 0.259306 0.181551 0.100114 0 
0 0.0991151 0.179706 0.256596 0.328063 0.392375 0.447841 0.492888 0.526147 0.546555 0.553435 0.546555 0.526147 0.492888 0.447841 0.392375 0.328063 0.256596 0.179706 0.0991151 0 
0 0.0981099 0.177853 0.253884 0.324491 0.387967 0.442657 0.487032 0.519769 0.539846 0.546612 0.539846 0.519769 0.487032 0.442657 0.387967 0.324491 0.253884 0.177853 0.0981099 0 
0 0.0971005 0.175996 0.251173 0.320933 0.38359 0.437526 0.48125 0.513485 0.533243 0.5399 0.533243 0.513485 0.48125 0.437526 0.38359 0.320933 0.251173 0.175996 0.0971005 0 
0 0.0960886 0.174137 0.248467 0.31739 0.379246 0.432446 0.475541 0.507291 0.526743 0.533295 0.526743 0.507291 0.475541 0.432446 0.379246 0.31739 0.248467 0.174137 0.0960886 0 
0 0.0950756 0.172279 0.245768 0.313866 0.374936 0.42742 0.469904 0.501185 0.520342 0.526793 0.520342 0.501185 0.469904 0.42742 0.374936 0.313866 0.245768 0.172279 0.0950756 0 
0 0.0940627 0.170424 0.243078 0.310362 0.370661 0.422447 0.464338 0.495165 0.514036 0.52039 0.514036 0.495165 0.464338 0.422447 0.370661 0.310362 0.243078 0.170424 0.0940627 0 
0 0.0930513 0.168573 0.240399 0.306881 0.366423 0.417526 0.45884 0.489228 0.507823 0.514083 0.507823 0.489228 0.45884 0.417526 0.366423 0.306881 0.240399 0.168573 0.0930513 0 
0 0.0920422 0.166729 0.237734 0.303423 0.362222 0.412658 0.453411 0.483372 0.5017 0.507869 0.5017 0.483372 0.453411 0.412658 0.362222 0.303423 0.237734 0.166729 0.0920422 0 
0 0.0910365 0.164892 0.235084 0.299991 0.35806 0.407843 0.448048 0.477594 0.495663 0.501744 0.495663 0.477594 0.448048 0.407843 0.35806 0.299991 0.235084 0.164892 0.0910365 0 
0 0.0900348 0.163065 0.23245 0.296586 0.353937 0.40308 0.442751 0.471893 0.48971 0.495706 0.48971 0.471893 0.442751 0.40308 0.353937 0.296586 0.23245 0.163065 0.0900348 0 
0 0.089038 0.161248 0.229835 0.293208 0.349853 0.39837 0.437519 0.466268 0.48384 0.489752 0.48384 0.466268 0.437519 0.39837 0.349853 0.293208 0.229835 0.161248 0.089038 0 
0 0.0880467 0.159442 0.227237 0.289858 0.345809 0.393712 0.432351 0.460716 0.478049 0.48388 0.478049 0.460716 0.432351 0.393712 0.345809 0.289858 0.227237 0.159442 0.0880467 0 
0 0.0870614 0.157648 0.22466 0.286538 0.341805 0.389106 0.427245 0.455235 0.472337 0.478089 0.472337 0.455235 0.427245 0.389106 0.341805 0.286538 0.22466 0.157648 0.0870614 0 
0 0.0860827 0.155867 0.222104 0.283248 0.337842 0.384551 0.422201 0.449826 0.4667 0.472375 0.4667 0.449826 0.422201 0.384551 0.337842 0.283248 0.222104 0.155867 0.0860827 0 
0 0.0851109 0.1541 0.219569 0.279988 0.33392 0.380047 0.417218 0.444485 0.461137 0.466737 0.461137 0.444485 0.417218 0.380047 0.33392 0.279988 0.219569 0.1541 0.0851109 0 
0 0.0841464 0.152347 0.217055 0.27676 0.330038 0.375594 0.412296 0.439211 0.455647 0.461174 0.455647 0.439211 0.412296 0.375594 0.330038 0.27676 0.217055 0.152347 0.0841464 0 
0 0.0831895 0.150608 0.214565 0.273563 0.326198 0.371192 0.407432 0.434004 0.450227 0.455683 0.450227 0.434004 0.407432 0.371192 0.326198 0.273563 0.214565 0.150608 0.0831895 0 
0 0.0822406 0.148885 0.212097 0.270397 0.322398 0.36684 0.402627 0.428862 0.444878 0.450263 0.444878 0.428862 0.402627 0.36684 0.322398 0.270397 0.212097 0.148885 0.0822406 0 
0 0.0812999 0.147177 0.209653 0.267263 0.318639 0.362537 0.39788 0.423784 0.439596 0.444912 0.439596 0.423784 0.39788 0.362537 0.318639 0.267263 0.209653 0.147177 0.0812999 0 
